71654.90894113
71996.93145230
72291.34440422
72570.33465430
72839.53309525
73102.16082260
73360.41075177
73615.84925093
73869.61695738
74122.51713686
74375.20043459
74628.12471204
74881.67553674
75136.17421500
75391.78943262
75648.75413664
75907.18078427
76167.18986537
76428.90186980
76692.34892819
76957.64349774
77224.83377438
77493.92779078
77764.98177554
78038.03589195
78313.13030329
78590.27304221
78869.48017403
79150.75169876
79434.15991031
79719.64858007
80007.30606727
80297.09220864
80589.06323276
80883.17897636
81179.46353741
81478.01330779
81778.71583030
82081.65143151
82386.83617674
82694.22187004
83003.92900128
83315.88527653
83630.07463049
83946.60952035
84265.40961955
84586.56328730
84910.05445831
85235.89919787
85564.08947334
85894.64938268
86227.60302387
86562.99056020
86900.78789368
87241.05125293
87583.74047466
87928.90375480
88276.55715868
88626.72478426
88979.43072952
89334.66696180
89692.45757908
90052.84274463
90415.80639314
90781.42885119
91149.64585751
91520.52167337
91894.08039674
92270.39432153
92649.35902320
93031.08695894
93415.60222674
93802.88876127
94192.98672583
94585.92021838
94981.70530424
95380.38214669
95781.92664776
96186.45929731
96593.89173612
97004.32838872
97417.76925512
97834.27056391
98253.81624978
98676.47057399
99102.24156920
99531.13726806
99963.19783386
100398.48752785
100836.95012145
101278.74626778
101723.78760763
102172.17856552
102623.94323945
103079.02540080
103537.55357210
103999.52775333
104464.98007514
104933.98283143
105406.46372829
105882.56735355
106362.28567455
106845.63475661
107332.66279567
107823.43405299
108317.98065919
108816.27851631
109318.43204889
109824.40912630
110334.37040169
110848.17931987
111366.00456666
111887.83810940
112413.72814402
112943.72286648
113477.85440739
114016.12276677
114558.65646712
115105.43141048
115656.49579279
116211.88977733
116771.66959271
117335.93163081
117904.61163037
118477.84614656
119055.64321205
119637.98676152
120225.03744811
120816.79527182
121413.25220000
122014.50462453
122620.60074136
123231.56464845
123847.45257441
124468.35287847
125094.24949531
125725.22275150
126361.34494096
127002.59196572
127649.11644626
128300.91838259
128958.00580736
129620.53937372
130288.47891837
130961.92083322
131640.86511824
132325.41619800
133015.63030109
133711.55562345
134413.21626306
135120.71664445
135834.12906155
136553.42138372
137278.70606817
138010.03131084
138747.42924236
139490.99625461
140240.86087011
140996.92669697
141759.32225771
142528.19214016
143303.48814838
144085.27454361
144873.69591370
145668.68799739
146470.50783969
147278.96265686
148094.32555921
148916.54835083
149745.82381546
150582.05556124
151425.45243725
152275.93411691
153133.77371058
153998.77843447
154871.20533362
155751.02227740
156638.38991895
157533.30825828
158435.93794852
159346.18259780
160264.28318582
161190.22364728
162124.11643937
163065.96156210
164015.93573391
164974.02288951
165940.31942077
166914.92171958
167897.92617783
168889.28459957
169889.25402984
170897.78627269
171914.97772001
172940.89263305
173975.72379559
175019.34268512
176072.05454260
177133.76297615
178204.67683487
179284.76398811
180374.20115434
181472.95620292
182581.27011359
183699.03042912
184826.44599862
185963.61321397
187110.51600985
188267.36323535
189434.13882516
190611.03556305
191797.97312245
192995.16035244
194202.66151428
195420.57299986
196648.97513576
197887.88398728
199137.41201162
200397.76805788
201668.98425668
202951.04454271
204244.17383038
205548.43638092
206863.78399841
208190.45766257
209528.53769995
210878.05624120
212239.12574351
213611.87472939
214996.38352543
216392.74852350
217800.93759298
219221.25597484
220653.63940783
222098.28067571
223555.24403974
225024.62589182
226506.44229725
228000.86997449
229507.97318481
231027.97684260
232560.75242534
234106.63730465
235665.58328457
237237.67069168
238823.14050570
240421.88026942
242034.22735445
243660.06930359
245299.72742312
246953.04105990
248620.37971616
250301.64700001
251997.00356461
253706.64219372
255430.54682203
257168.81384142
258921.50751315
260689.01340477
262471.17086314
264268.14054139
266080.01883142
267907.01458231
269749.12779406
271606.47092387
273479.17249426
275367.39315838
277271.10078558
279190.48815966
281125.74806437
283076.84836909
285043.98185760
287027.24492177
289026.66969225
291042.38469154
293074.61483404
295123.39225039
297188.84546310
299270.94234154
301370.13271451
303486.19166762
305619.31198463
307769.75071058
309937.50784546
312122.64765054
314325.36290959
316545.78214511
318784.00174901
321040.02172127
323314.16336820
325606.33029789
327916.61890224
330245.41474879
332592.65357628
334958.46390724
337343.00639480
339746.21677771
342168.41636226
344609.54088718
347069.81526688
349549.46441576
352048.52046445
354566.91915169
357104.94965315
359662.70836070
362240.35592750
364838.08513731
367455.60681447
370093.56357157
372751.82688609
375430.49314991
378129.69088554
380849.48435426
383590.06633982
386351.50110349
389134.14208218
391937.79649213
394762.72137836
397609.01313275
400476.80027783
403366.05068296
406277.21417695
409210.13010666
412165.08764774
415142.08680019
418141.22395590
421162.82042116
424206.74767345
427273.32701907
430362.59058863
433474.73116592
436609.71662030
439767.73973554
442948.89690354
446153.22025493
449381.03109598
452632.36155733
455907.43655339
459206.22395352
462528.88441086
465875.54644793
469246.24219537
472641.16443694
476060.63447893
479504.42740694
482973.05731103
486466.13862365
489984.12117362
493527.16561407
497095.27194500
500688.34377453
504307.02371523
507951.11898333
511620.82236260
515316.13385305
519037.24623844
522784.15951878
526557.25926161
530356.60972819
534182.27517977
538034.28774700
541912.80808300
545817.96471030
549750.11106580
553709.18288827
557695.05165517
561708.16719532
565748.40098619
569816.26711786
573911.50854528
578034.31805223
582184.95268375
586363.34817857
590569.89010423
594804.44993824
599067.28472561
603358.26594383
607677.97194421
612026.20994300
616402.97994018
620808.66750330
625243.40115488
629706.98811114
634199.87820089
638722.13568538
643273.69630337
647855.07414490
652465.81938118
657106.44610226
661776.82578564
666477.66530514
671208.45057070
675969.43862736
680760.56521386
685582.53720403
690434.96903032
695318.24626029
700232.24037141
705177.14414746
710153.27889472
715160.70887446
720199.43408668
725269.32600886
730371.09151483
735504.34503704
740669.60066557
745866.66561663
751095.92545778
756357.05888271
761650.45145899
766976.48875415
772334.84946191
777725.59784353
783149.50503409
788605.86415976
794095.76766193
799618.05883795
805173.95865172
810763.01727444
816385.42748988
822041.70338809
827731.26661777
833454.95257527
839212.37569302
845003.60023230
850829.14028317
856688.93158436
862582.90987462
868511.52498275
874474.77690876
880472.47286886
886505.19121438
892572.67490029
898675.37375540
904812.96647340
910985.77436060
917193.99020076
923437.80677766
929716.96704626
936032.17788041
942383.05371255
948769.59454268
955192.50724465
961651.14920586
968146.22730017
974677.67726630
981245.49910426
987850.39968789
994491.41509831
1001169.70203817
1007884.81067866
1014636.48397475
1021425.68584532
1028251.90220028
1035115.58286846
1042016.98489487
1048955.27288318
1055931.79631978
1062945.71980834
1069997.94300646
1077087.50199527
1084215.93904495
1091381.96893036
1098586.42704785
1105829.31339741
1113110.75650156
1120431.01340532
1127790.08410871
1135187.71156669
1142624.28134680
1150099.79344904
1157614.76196349
1165169.18689013
1172762.29709387
1180395.37779987
1188067.78639555
1195779.90844846
1203531.74395859
1211323.54997098
1219155.06944060
1227026.68793499
1234938.66249919
1242890.60756564
1250883.29426944
1258915.95147550
1266989.99293149
1275104.39045727
1283259.14405286
1291455.15337586
1299692.03285873
1307970.16806901
1316289.17343915
1324649.43453670
1333051.07988417
1341494.88061666
1349979.42298651
1358505.86369634
1367074.20274615
1375683.79752338
1384336.31882071
1393030.86698055
1401766.67086780
1410545.52979767
1419366.15854502
1428228.94267738
1437134.78185236
1446083.29050243
1455074.08306003
1464107.93066025
1473185.09034812
1482304.53394353
1491467.41814911
1500673.35739732
1509922.86577821
1519215.42920172
1528551.81880295
1537931.26344681
1547354.79131341
1556821.63126767
1566332.68296719
1575887.56084442
1585486.26489937
1595129.56626713
1604816.43676758
1614548.29014838
1624324.35527444
1634144.11805570
1644009.12076235
1653918.59225929
1663872.66106904
1673870.94162405
1683915.10471702
1694003.86512280
1704137.35136390
1714316.07753038
1724540.30066729
1734810.14929712
1745124.85228479
1755485.18076539
1765891.26326144
1776342.97125041
1786840.17620981
1797383.13518465
1807972.74783254
1818607.72892833
1829289.10665214
1840016.23839140
1850789.76675868
1861609.56323147
1872476.01337731
1883389.11719620
1894348.36059809
1905354.64324057
1916407.32251108
1927506.26988709
1938653.15616131
1949846.95315361
1961087.14677393
1972374.50815737
1983709.67991650
1995091.37682617
2006521.01263404
2017997.30211496
2029521.27344906
2041093.69777143
2052713.16133440
2064380.04970551
2076095.13401985
2087858.15723240
2099669.37638819
2111528.02035213
2123435.37434936
2135390.28167725
2147394.67017353
2159445.58382034
2171546.49272561
2183695.46905160
2195892.76984334
2208139.16623592
2220433.37300420
2232776.93241835
2245169.84447837
2257610.30986905
2270101.15608573
2282640.32676816
2295227.30782628
2307865.44084549
2320552.15537548
2333288.47959638
2346073.89941812
2358909.18597579
2371793.82517934
2384726.78884864
2397710.90447903
2410744.88684535
2423827.96481252
2436961.93769574
2450144.74913478
2463377.17026472
2476660.48631072
2489993.92613769
2503378.00383568
2516811.94826961
2530296.27352953
2543830.20848036
2557415.80948234
2571051.79131031
2584736.86873913
2598473.86926413
2612262.02175021
2626100.29801726
2639989.21215534
2653930.04938960
2667920.23926973
2681962.60929108
2696055.10309339
2710199.00590181
2724394.06067133
2738641.29558206
2752939.42540884
2767288.45015168
2781689.65503573
2796142.52597094
2810645.77773213
2825200.95258951
2839807.79349804
2854466.81454778
2869177.24460363
2883938.82662058
2898752.84582376
2913620.58743834
2928538.70987892
2943508.75541568
2958530.46700358
2973605.12986779
2988731.97287321
3003911.25306487
3019142.19930768
3034426.09682679
3049760.88926196
3065150.68933368
3080590.61318636
3096084.77354050
3111631.11403584
3127229.89171743
3142881.36363029
3158586.04386449
3174342.64719486
3190152.71589160
3206015.99290967
3221932.22120404
3237901.65781975
3253923.78866673
3269998.87079000
3286128.96054983
3302309.43113565
3318544.90935802
3334833.59590173
3351175.74781179
3367570.59395313
3384018.13432574
3400520.93937993
3417077.20980048
3433685.40331721
3450349.37560558
3467066.29917026
3483836.94514632
3500662.08466887
3517540.43251276
3534471.21754289
3551456.75316453
3568497.03937769
3585591.04800224
3602739.03608322
3619940.48953056
3637196.95061445
3654507.64819980
3671872.83933163
3689292.00991988
3706765.67405462
3724292.28946567
3741873.14137816
3759510.28615236
3777200.12515783
3794944.97179985
3812745.59721351
3830600.45912862
3848509.30050015
3866472.89246321
3884491.49206281
3902563.29998374
3920691.91485643
3938874.50918555
3957111.59706116
3975404.46370840
3993751.05276704
4012152.90650725
4030610.53901911
4049121.89394236
4067689.79877234
4086312.19714880
4104990.11725187
4123721.75976634
4142510.20923257
4161353.40929031
4180251.61698461
4199204.57527041
4218214.59755301
4237277.82815695
4256396.58048749
4275572.65385985
4294802.70668864
4314088.53828907
4333430.66275120
4352828.82302999
4372279.42049503
4391787.08195686
4411351.80741549
4430971.54051065
4450646.28124237
4470378.08597088
9204.34074942
9231.70064925
9258.41124263
9284.97791756
9311.03317998
9336.66471974
9362.02448793
9387.22427236
9412.35310165
9437.47925339
9462.65828679
9487.91831615
9513.29147210
9538.80252200
9564.46284545
9590.28716898
9616.28486402
9642.46864896
9668.84053196
9695.40921506
9722.17804519
9749.14903054
9776.32217109
9803.70483012
9831.29499946
9859.09937299
9887.11125683
9915.34069180
9943.78031464
9972.43548045
10001.31087494
10030.39578791
10059.69758262
10089.21625908
10118.95181728
10148.90157967
10179.07090136
10209.45576602
10240.05818181
10270.87948751
10301.91767495
10333.17475230
10364.65005018
10396.34892368
10428.26601770
10460.40200163
10492.76289996
10525.33800248
10558.13868879
10591.15893440
10624.40208625
10657.87082189
10691.56179437
10725.48035881
10759.62584582
10793.99624723
10828.59089365
10863.42183407
10898.47701951
10933.76515200
10969.28154584
11005.03423368
11041.01451347
11077.23309542
11113.68529382
11150.37646377
11187.30325834
11224.46902446
11261.87376212
11299.52014890
11337.41019294
11375.54389425
11413.92526915
11452.54896255
11491.42032955
11530.54472525
11569.91813332
11609.54323132
11649.42269679
11689.55385219
11729.94740773
11770.59666952
11811.50565390
11852.67837718
11894.11751693
11935.81771804
11977.78567439
12020.02406353
12062.53020791
12105.30812386
12148.36450526
12191.69399701
12235.30463176
12279.18837685
12323.36263638
12367.81402258
12412.55324567
12457.58030564
12502.90055759
12548.51132398
12594.41126604
12640.61109396
12687.11348530
12733.91844006
12781.02729702
12828.44139496
12876.15671754
12924.18933008
12972.53521625
13021.19303728
13070.17484214
13119.47125942
13169.09567686
13219.04273937
13269.31780204
13319.92220366
13370.86129934
13422.13508906
13473.75428304
13525.71084863
13578.01281847
13630.66153135
13683.65698727
13737.01257398
13790.72025884
13844.79209082
13899.21735972
13954.01480841
14009.17506544
14064.71419614
14120.62684540
14176.91435199
14233.58474858
14290.64071272
14348.08358317
14405.91871506
14464.14610837
14522.77111821
14581.80311602
14641.23540791
14701.07334899
14761.33434335
14822.00232567
14883.08934495
14944.60075628
15006.53655967
15068.90746532
15131.71481201
15194.95324465
15258.64016730
15322.77557999
15387.35814393
15452.39187544
15517.89150108
15583.84764940
15650.27236938
15717.16566104
15784.54626724
15852.39812266
15920.73461507
15989.56377711
16058.88427002
16128.69877135
16199.02066886
16269.84059112
16341.17995854
16413.02806092
16485.40631868
16558.30536038
16631.73589623
16705.69926500
16780.20349937
16855.25261564
16930.85196894
17007.00825313
17083.72280700
17161.00901831
17238.86019317
17317.29373569
17396.30295197
17475.90390733
17556.09526299
17636.88237406
17718.27327320
17800.28000940
17882.89321121
17966.12492763
18049.98453008
18134.47469613
18219.60881352
18305.38286595
18391.79819217
18478.88156772
18566.62362115
18655.02970759
18744.11990866
18833.87815906
18924.32989553
19015.47244051
19107.31114913
19199.85539280
19293.11454296
19387.09529350
19481.79630563
19577.22561201
19673.39927796
19770.31730348
19867.98504367
19966.42124141
20065.61518647
20165.57758907
20266.32585330
20367.86265671
20470.18666053
20573.32196273
20677.26454698
20782.02378470
20887.60101469
20994.00694715
21101.25764739
21209.35445419
21318.30004510
21428.11450176
21538.79380785
21650.35402868
21762.79650303
21876.13595743
21990.38176332
22105.52856559
22221.60180099
22338.59879198
22456.52355487
22575.39215498
22695.20994741
22815.99433627
22937.73996644
23060.46558078
23184.17921197
23308.88621509
23434.59194526
23561.30443513
23689.04510513
23817.81395525
23947.61634059
24078.47635914
24210.38865577
24343.36394072
24477.41827928
24612.55434901
24748.78286012
24886.11987792
25024.56004731
25164.12478872
25304.82481234
25446.67618349
25589.66819197
25733.81422553
25879.14105970
26025.64066183
26173.34516253
26322.25188427
26472.36082703
26623.68537858
26776.25766955
26930.06163463
27085.11869423
27241.44759122
27399.03493784
27557.91554227
27718.09743717
27879.57258988
28042.37848613
28206.50709327
28371.96644396
28538.78866881
28706.96305763
28876.51370838
29047.43526597
29219.75450590
29393.48481596
29568.63155123
29745.20006683
29923.21981583
30102.67741047
30283.61301403
30466.01056121
30649.90753774
30835.29323339
31022.17835840
31210.59772093
31400.54596588
31592.03112591
31785.08800920
31979.71661575
32175.91962311
32373.72380681
32573.13719951
32774.15980119
32976.81303229
33181.10760301
33387.07296643
33594.70644500
33804.01607137
34015.02594352
34227.74409410
34442.17587821
34658.35074894
34876.26335118
35095.94581556
35317.40349717
35540.64175114
35765.67396522
35992.53227003
36221.20595537
36451.71644166
36684.08782687
36918.32011100
37154.44542468
37392.45841280
37632.37514067
37874.21702873
38117.98675451
38363.72983642
38611.41682137
38861.08787265
39112.75905557
39366.40359461
39622.09110614
39879.81623504
40139.58433643
40401.42754093
40665.33246078
40931.32587150
41199.42919351
41469.66384724
41742.02715512
42016.52714983
42293.20667218
42572.07107730
42853.12839784
43136.39469910
43421.88604642
43709.60511733
43999.60546289
44291.85227491
44586.39107179
44883.21917597
45182.36871809
45483.85576345
45787.67227940
46093.86646189
46402.42760070
46713.38782646
47026.74713917
47342.53231436
47660.78083776
47981.47128895
48304.61973324
48630.26365638
48958.40305835
49289.08078000
49622.26469070
49958.01905170
50296.32779770
50637.22841442
50980.71554676
51326.83739066
51675.58323592
52026.96914785
52381.01119176
52737.74149828
53097.17077762
53459.32045020
53824.20658134
54191.83988124
54562.21499480
54935.38011797
55311.32989563
55690.11787884
56071.70658186
56456.16562106
56843.47357601
57233.68399777
57626.75404549
58022.75869064
58421.67651281
58823.55035283
59228.38021070
59636.21428236
60047.04185762
60460.90577729
60877.76855566
61297.69980907
61720.69953755
62146.79451659
62575.97403601
63008.27558152
63443.73128377
63882.32507743
64324.07302782
64769.02868599
65217.17063151
65668.58990118
66123.24365415
66581.12118021
67042.30280593
67506.78317621
67974.57300127
68445.71512192
68920.16669735
69398.00269902
69879.26061265
70363.89224231
70851.95649415
71343.43730286
71838.41499500
72336.84137464
72838.79141323
73344.22762506
73853.21962647
74365.73528685
74881.81209192
75401.47146210
75924.74552803
76451.65571012
76982.21271858
77516.37371257
78054.27792482
78595.85038386
79141.13928564
79690.17676078
80242.94138886
80799.47065562
81359.79669169
81923.92485216
82491.85513705
83063.65180761
83639.30950873
84218.86037104
84802.30974965
85389.68977518
85980.99509254
86576.25783235
87175.46192929
87778.70913036
88385.94588451
88997.21503258
89612.52728477
90231.93083704
90855.40426895
91482.99042135
92114.67858404
92750.53301826
93390.55372402
94034.74070132
94683.14750120
95335.76341346
95992.62056872
96653.77251804
97319.15500015
97988.85369673
98662.85789758
99341.21044353
100023.92204478
100711.02483198
101402.48667449
102098.37183356
102798.68030921
103503.43352184
104212.67431229
104926.38126016
105644.61862668
106367.34357104
107094.64177489
107826.47039741
108562.93654069
109303.98665369
110049.66357723
110799.96731132
111554.94069681
112314.58373368
113078.97139341
113847.99657390
114621.80921808
115400.38790554
116183.73263627
116971.85412049
117764.84875008
118562.66297400
119365.31821266
120172.81446606
120985.23741588
121802.57635191
122624.80985373
123452.04502344
124284.22830999
125121.44539505
125963.58917654
126810.79888716
127663.09594736
128520.44822648
129382.85572454
130250.41483343
131123.05058166
132000.84865093
132883.76620039
133771.92104235
134665.27033597
135563.85692209
136467.69151092
137376.76339224
138291.11540690
139210.76897532
140135.77764854
141066.08787552
142001.80675834
142942.84861535
143889.29912820
144841.19042754
145798.51180315
146761.30609587
147729.54117507
148703.34556326
149682.58002773
150667.35167056
151657.71404281
152653.64572406
153655.13600409
154662.27056459
155675.03869534
156693.44039634
157717.51850843
158747.24090099
159782.70396590
160823.91841337
161870.90566382
162923.62287641
163982.10218176
165046.41855136
166116.53985456
167192.50893220
168274.32578430
169362.01183125
170455.62062413
171555.12003228
172660.70283949
173772.10129052
174889.50816914
176012.86992431
177142.33649895
178277.87576243
179419.33777183
180566.91531092
181720.57624906
182880.32058626
184046.25542462
185218.31650287
186396.61092311
187581.07442409
188771.70700580
189968.57292950
191171.71503603
192381.13332540
193596.72069550
194818.64850968
196046.95960879
197281.54689074
198522.51745760
199769.91415024
201023.67270738
202283.85739028
203550.48961937
204823.50513339
206103.07529569
207389.11442459
208681.77246302
209980.79236597
211286.49543971
212598.68890047
213917.37274826
215242.73976684
216574.81137663
217913.56615722
219258.87558609
220610.91102660
221969.58679706
223335.03141999
224707.18063414
226086.12012118
227471.74277902
228864.17713016
230263.38033378
231669.50233281
233082.52170682
234502.33135372
235929.05979604
237362.57851124
238803.12312394
240250.60795248
241704.94731516
243166.35541618
244634.70373303
246110.05652696
247592.41379797
249081.86122775
250578.39881629
252082.00514317
253592.74446964
255110.55253446
256635.47217846
258167.61050373
259706.92466944
261253.43609601
262807.20904469
264368.17925423
265936.30388379
267511.75429672
269094.57333386
270684.61105227
272281.95313364
273886.68525964
275498.72174859
277118.14828217
278744.94343996
280379.25716490
282020.98235488
283670.07616907
285326.68855041
286990.75523764
288662.27623075
290341.33721143
292027.83107758
293721.99345380
295423.63155633
297132.98100978
298849.82760996
300574.42840189
302306.59060180
304046.35705054
305793.92053187
307549.10968244
309312.01018393
311082.70771801
312861.03092134
314647.17257768
316440.98274410
318242.76130646
320052.16553807
321869.51674521
323694.66498494
325527.65309811
327368.54534596
329217.38456935
331074.08508658
332938.68973851
334811.17710471
336691.76138937
338580.35691082
340476.89940780
342381.45314157
344294.03953254
346214.65858072
348143.31028610
350080.14459163
352024.96871352
353977.88975388
355939.10049647
357908.25821459
359885.74847579
361871.24997377
363865.10543525
365867.10065603
367877.27847695
369895.72457969
371922.48180509
373957.42163062
376000.71541965
378052.44885385
380112.36488819
382180.59204519
384257.34452903
386342.23677218
388435.65434217
390537.55439818
392647.80841768
394766.41640067
396893.59255135
399029.03698385
401173.13526571
403325.71603358
405486.86496913
407656.58207238
409834.82450247
412021.59225941
414217.05670655
416421.04648054
418633.56158137
420854.81621325
423084.63901281
425323.02998006
427570.28900087
429825.98766685
432090.46870470
434363.86063695
436645.86357772
438936.52036786
441236.21657491
443544.39526796
445861.48485541
448187.57101893
450522.48239517
452866.13330245
455218.56658161
457579.91075516
459950.12298226
462329.11758125
464717.23727882
467114.22502995
469520.25219798
471934.97605622
474358.73933136
616.50305724
617.05546614
617.95941292
618.92436861
619.87322624
620.78928750
621.67249780
622.52716816
623.35820985
624.17042500
624.96774262
625.75381889
626.53170971
627.30392528
628.07226641
628.83924329
629.60583818
630.37374275
631.14355726
631.91670051
632.69410020
633.47602918
634.26325141
635.05603975
635.85510361
636.66093411
637.47336753
638.29300416
639.11995312
639.95454184
640.79677031
641.64680225
642.50501964
643.37087679
644.24502852
645.12731115
646.01783379
646.91697844
647.82419940
648.73938754
649.66352511
650.59573899
651.53641117
652.48537794
653.44280301
654.40857725
655.38280978
656.36511863
657.35583121
658.35489295
659.36230385
660.37790020
661.40168201
662.43375841
663.47380198
664.52192186
665.57828177
666.64277256
667.71539423
668.79598307
669.88492108
670.98166255
672.08669861
673.19931986
674.32029027
675.44928243
676.58569606
677.73007686
678.88258855
680.04268542
681.21080403
682.38667154
683.57028795
684.76181696
685.96120400
687.16828537
688.38311563
689.60574936
690.83607741
692.07431807
693.32008934
694.57355494
695.83471486
697.10340540
698.37984483
699.66419687
700.95602496
702.25560194
703.56249125
704.87740231
706.19984399
707.52976171
708.86775575
710.21300755
711.56622653
712.92703069
714.29525633
715.67144914
717.05506343
718.44642662
719.84564784
721.25234510
722.66706411
724.08925917
725.51909398
726.95673225
728.40201028
729.85509178
731.31586760
732.78461059
734.26099334
735.74501585
737.23716923
738.73679867
740.24455898
741.75990449
743.28327173
744.81466072
746.35363490
747.90052167
749.45559390
751.01857874
752.58953075
754.16844993
755.75555456
757.35062637
758.95377449
760.56499893
762.18424510
763.81151302
765.44723925
767.09109635
768.74302977
770.40320321
772.07172581
773.74843386
775.43365478
777.12727943
778.82925325
780.53984907
782.25830293
783.98570622
785.72140410
787.46572399
789.21861132
790.98022979
792.75057942
794.52933278
796.31692643
798.11314208
799.91814346
801.73198512
803.55483078
805.38651673
807.22704297
809.07662777
810.93527115
812.80253653
814.67951532
816.56522525
818.46053945
820.36469394
822.27828898
824.20094259
826.13347331
828.07489889
830.02592874
831.98639913
833.95636466
835.93609816
837.92543592
839.92448708
841.93308794
843.95156591
845.97975729
848.01798948
850.06642621
852.12435806
854.19254901
856.27072622
858.35894424
860.45758508
862.56621216
864.68537120
866.81495304
868.95479399
871.10478489
873.26579887
875.43718109
877.61958639
879.81257821
882.01599283
884.23015768
886.45545475
888.69193860
890.93895440
893.19737526
895.46665549
897.74712251
900.03932200
902.34238087
904.65706307
906.98331405
909.32069725
911.66992206
914.03093393
916.40340543
918.78788226
921.18392786
923.59230621
926.01258075
928.44496976
930.88980066
933.34641861
935.81536930
938.29708931
940.79103292
943.29763670
945.81668236
948.34882475
950.89351817
953.45087175
956.02143119
958.60519650
961.20216767
963.81168987
966.43485449
969.07111583
971.72101960
974.38489320
977.06219094
979.75313111
982.45793197
985.17659353
987.90922493
990.65593531
993.41716123
996.19257526
998.98217741
1001.78618595
1004.60481917
1007.43829535
1010.28661447
1013.14934000
1016.02745417
1018.92052044
1021.82897535
1024.75216408
1027.69139630
1030.64579889
1033.61569927
1036.60098830
1039.60253909
1042.61936940
1045.65289803
1048.70257928
1051.76874058
1054.85083623
1057.94963019
1061.06512249
1064.19676740
1067.34587462
1070.51189843
1073.69451143
1076.89480501
1080.11234261
1083.34723336
1086.59958642
1089.86983832
1093.15820737
1096.46425699
1099.78853288
1103.13125333
1106.49209091
1109.87126391
1113.26953629
1116.68603495
1120.12152385
1123.57622129
1127.05034553
1130.54346002
1134.05589218
1137.58851512
1141.14045573
1144.71204142
1148.30436360
1151.91643999
1155.54870717
1159.20214739
1162.87621495
1166.57080071
1170.28666864
1174.02370961
1177.78170534
1181.56174722
1185.36285299
1189.18644148
1193.03120300
1196.89877465
1200.78828331
1204.69994727
1208.63463962
1212.59246953
1216.57289128
1220.57677800
1224.60391140
1228.65483718
1232.72879136
1236.82708363
1240.94927742
1245.09559100
1249.26657008
1253.46265122
1257.68307043
1261.92859170
1266.19954244
1270.49614093
1274.81827803
1279.16628117
1283.54004119
1287.94032207
1292.36668727
1296.82022816
1301.30007165
1305.80730911
1310.34128572
1314.90363856
1319.49349452
1324.11107188
1328.75691634
1333.43091875
1338.13373395
1342.86536195
1347.62613015
1352.41582029
1357.23574203
1362.08524054
1366.96398840
1371.87384098
1376.81359774
1381.78445923
1386.78609801
1391.81927807
1396.88389027
1401.98015288
1407.10861160
1412.26926644
1417.46222653
1422.68803756
1427.94680869
1433.23908560
1438.56486829
1443.92415677
1449.31826071
1454.74619785
1460.20895045
1465.70640936
1471.23933857
1476.80784721
1482.41215356
1488.05214849
1493.72870510
1499.44160512
1505.19193994
1510.97938215
1516.80447743
1522.66678924
1528.56784553
1534.50742800
1540.48499098
1546.50217155
1552.55875143
1558.65505803
1564.79152793
1570.96816110
1577.18572154
1583.44453666
1589.74460646
1596.08614922
1602.46992891
1608.89550898
1615.36376254
1621.87556271
1628.43047292
1635.02947544
1641.67246112
1648.35997566
1655.09190992
1661.86913702
1668.69209352
1675.56099768
1682.47584952
1689.43730387
1696.44612470
1703.50154804
1710.60553839
1717.75744093
1724.95812876
1732.20738361
1739.50607859
1746.85443199
1754.25211637
1761.70098712
1769.20049853
1776.75152372
1784.35439011
1792.00964340
1799.71641046
1807.47643753
1815.29070687
1823.15747224
1831.07978955
1839.05569429
1847.08747838
1855.17536011
1863.31781151
1871.51701539
1879.77340829
1888.08677194
1896.45797946
1904.88746739
1913.37479919
1921.92281247
1930.52997929
1939.19695448
1947.92373804
1956.71294932
1965.56262381
1974.47472601
1983.44881937
1992.48577701
2001.58669031
2010.75155928
2019.98016564
2029.27403734
2038.63339266
2048.05866815
2057.55051866
2067.10959901
2076.73547266
2086.43032238
2096.19240195
2106.02433071
2115.92589039
2125.89708099
2135.93943045
2146.05228393
2156.23716940
2166.49452341
2176.82412767
2187.22685531
2197.70445256
2208.25648285
2218.88360102
2229.58624363
2240.36506552
2251.22050324
2262.15473958
2273.16537348
2284.25480600
2295.42412853
2306.67312280
2318.00157053
2329.41187278
2340.90315644
2352.47760429
2364.13477978
2375.87424635
2387.69840507
2399.60681938
2411.60101723
2423.68078034
2435.84654527
2448.10093136
2460.44219239
2472.87251113
2485.39101449
2498.00010351
2510.69977821
2523.49178481
2536.37328569
2549.34864643
2562.41612078
2575.57832811
2588.83526840
2602.18759649
2615.63509412
2629.17950749
2642.82083663
2656.56017291
2670.39817118
2684.33526799
2698.37364613
2712.51243248
2726.75206361
2741.09472230
2755.54084510
2770.08999547
2784.74370134
2799.50327240
2814.36827208
2829.33935523
2844.41957774
2859.60675683
2874.90351184
2890.30984277
2905.82640446
2921.45516141
2937.19567708
2953.04838801
2969.01591355
2985.09672575
3001.29453535
3017.60694128
3034.03656289
3050.58274535
3067.24832626
3084.03352392
3100.93921144
3117.96582537
3135.11423883
3152.38488838
3169.77930197
3187.29791616
3204.94138577
3222.71080222
3240.60725688
3258.63162288
3276.78433678
3295.06692651
3313.47982865
3332.02435286
3350.69897119
3369.50761266
3388.45136866
3407.52761986
3426.74138665
3446.09092281
3465.57862940
3485.20450643
3504.96899046
3524.87491909
3544.92098268
3565.10914571
3585.44006303
3605.91548088
3626.53518096
3647.30112778
3668.21288480
3689.27328964
3710.48212401
3731.84113414
3753.35032004
3775.01273761
3796.82533094
3818.79290217
3840.91370506
3863.19123209
3885.62591979
3908.21558540
3930.96590415
3953.87469325
3976.94457206
4000.17510401
4023.56803534
4047.12511227
4070.84677136
4094.73563195
4118.78863815
4143.01059209
4167.40193032
4191.96352595
4216.69406933
4241.59574322
4266.67247666
4291.92383308
4317.34850281
4342.95041487
4368.72869614
4394.68596596
4420.82309746
4447.14052719
4473.64087449
4500.32152003
4527.18682936
4554.23723906
4581.47405880
4608.89816168
4636.51042082
4664.31258246
4692.30421004
4720.48879601
4748.86503071
4777.43553347
4806.20205053
4835.16458189
4864.32356411
4893.68117996
4923.24135848
4953.00017064
4982.96241858
5013.12679262
5043.49678522
5074.07152327
5104.85406267
5135.84440341
5167.04560141
5198.45547387
5230.07794982
5261.91390236
5293.96333150
5326.22842002
5358.71004104
5391.40863111
5424.32680959
5457.46588614
5490.82717043
5524.41240870
5558.21941816
5592.25212783
5626.51141081
5661.00119613
5695.71755477
5730.66616198
5765.84658120
5801.25750275
5836.90547501
5872.78787862
5908.90951571
5945.26645727
5981.86437855
6018.70415267
6055.78490649
6093.10882282
6130.67721133
6168.49356447
6206.55744569
6244.86972811
6283.43259450
6322.24560832
6361.31182546
6400.63124592
6440.20867185
6480.04323011
6520.13666695
6560.48767269
6601.10148601
6641.97636070
6683.11535264
6724.52064464
6766.19354635
6808.13493091
6850.34348862
6892.82314852
6935.57478371
6978.60101354
7021.90314769
7065.48031303
7109.33949449
7153.47632649
7197.89255527
7242.59167328
7287.57499019
7332.84337912
7378.40076908
7424.24279451
7470.37644032
7516.79996029
7563.51946620
7610.52971939
7657.83595853
7705.44429542
7753.34076025
7801.54456152
7850.04696809
7898.85671111
7947.96680566
7997.38598289
8047.11162345
8097.14809293
8147.49102574
8198.14827992
8249.12072858
8300.40575238
8352.01120935
8403.93273393
8456.17556479
8508.74144817
8561.62514538
8614.83538756
8668.37217472
8722.23550687
8776.42974956
8830.95315658
8885.81009349
8941.00143341
8996.52804947
9052.39343410
9108.59671421
9165.14050914
9222.02569200
9279.25662836
9336.83244511
9394.75052292
9453.02395849
9511.64314756
9570.61594818
9629.94236033
9689.62151092
9749.65863861
9810.05199719
9870.80944469
9931.92748865
9993.40962153
10055.25409710
10117.46615404
10180.04666548
10242.99912388
10306.32090988
10370.01289660
10434.08643454
45.90928856
45.99415097
46.06186594
46.12263256
46.17842951
46.23074656
46.28065708
46.32895943
46.37626480
46.42298190
46.46942780
46.51587369
46.56246474
46.60934228
46.65659417
46.70429680
46.75249602
46.80123384
46.85051408
46.90037495
46.95078587
47.00180416
47.05339543
47.10559024
47.15834657
47.21167970
47.26556672
47.32002290
47.37504823
47.43061600
47.48673382
47.54337497
47.60054326
47.65824251
47.71642689
47.77513459
47.83432742
47.89402446
47.95421046
48.01488922
48.07601872
48.13761425
48.19968344
48.26221484
48.32519317
48.38861460
48.45247913
48.51679441
48.58152988
48.64668936
48.71228812
48.77828414
48.84470036
48.91153294
48.97878189
49.04642810
49.11446013
49.18288560
49.25172743
49.32093598
49.39052651
49.46050667
49.53086882
49.60159768
49.67271998
49.74419371
49.81606089
49.88827186
49.96086100
50.03378246
50.10708210
50.18073698
50.25475475
50.32908957
50.40379492
50.47884406
50.55424845
50.62996224
50.70603511
50.78245940
50.85920075
50.93629734
51.01371098
51.09146077
51.16954671
51.24794588
51.32668884
51.40575649
51.48514883
51.56487350
51.64491522
51.72527781
51.80596509
51.88697323
51.96828697
52.04993686
52.13189615
52.21414576
52.29675062
52.37964961
52.46286946
52.54640637
52.63025650
52.71440459
52.79890411
52.88370157
52.96883519
53.05424766
53.13997717
53.22599700
53.31235679
53.39901072
53.48597788
53.57326972
53.66087862
53.74878547
53.83699026
53.92553121
54.01437011
54.10351077
54.19297995
54.28275472
54.37284653
54.46324394
54.55396222
54.64497845
54.73633082
54.82796205
54.91994089
55.01223677
55.10483061
55.19773767
55.29095797
55.38454116
55.47838027
55.57256700
55.66705931
55.76188396
55.85700656
55.95246148
56.04822582
56.14431866
56.24075911
56.33748988
56.43456443
56.53194075
56.62964941
56.72768657
56.82605988
56.92475024
57.02376911
57.12312031
57.22281530
57.32282352
57.42317553
57.52387515
57.62488800
57.72624081
57.82792214
57.92993197
58.03232762
58.13504795
58.23810061
58.34149324
58.44522584
58.54930605
58.65373387
58.75849401
58.86362469
58.96911443
59.07493651
59.18113293
59.28766168
59.39456478
59.50181931
59.60940998
59.71739029
59.82571820
59.93439754
60.04346269
60.15288309
60.26265874
60.37284311
60.48337509
60.59427378
60.70555446
60.81719039
60.92922740
61.04162348
61.15440538
61.26755015
61.38107692
61.49502005
61.60934518
61.72404464
61.83914902
61.95464684
62.07051520
62.18679991
62.30347426
62.42055351
62.53804531
62.65591910
62.77421307
62.89288522
63.01201192
63.13150152
63.25142276
63.37174127
63.49249907
63.61365413
63.73523702
63.85724009
63.97966335
64.10252208
64.22578954
64.34952302
64.47363849
64.59822762
64.72324458
64.84868936
64.97456961
65.10090061
65.22769763
65.35491484
65.48257516
65.61070149
65.73928622
65.86832169
65.99782319
66.12778307
66.25820897
66.38907034
66.52042066
66.65228284
66.78456521
66.91732124
67.05058149
67.18431541
67.31852300
67.45320425
67.58839736
67.72404886
67.86023514
67.99691037
68.13404398
68.27172001
68.40986971
68.54853891
68.68772762
68.82740527
68.96761006
69.10834963
69.24955524
69.39130326
69.53357079
69.67638838
69.81970255
69.96359734
70.10798872
70.25293016
70.39842931
70.54444795
70.69100902
70.83813543
70.98582719
71.13404608
71.28283796
71.43219518
71.58212538
71.73258273
71.88365125
72.03527748
72.18750725
72.34029472
72.49367809
72.64764972
72.80220198
72.95738069
73.11312474
73.26948762
73.42644640
73.58400871
73.74217457
73.90098217
74.06039331
74.22041563
74.38108732
74.54237020
74.70428718
74.86686882
75.03005399
75.19390383
75.35841069
75.52354400
75.68933434
75.85578169
76.02287078
76.19066273
76.35909642
76.52824061
76.69804181
76.86852296
77.03968404
77.21153270
77.38409186
77.55733095
77.73128054
77.90594063
78.08131886
78.25739231
78.43419153
78.61172417
78.78996730
78.96895149
79.14866910
79.32912013
79.51032749
79.69229882
79.87500358
80.05847230
80.24270501
80.42770933
80.61348526
80.80002517
80.98735962
81.17548095
81.36437391
81.55403848
81.74458162
81.93591166
82.12804387
82.32100117
82.51476065
82.70937578
82.90478545
83.10103549
83.29814882
83.49614836
83.69493480
83.89459981
84.09515103
84.29653499
84.49878223
84.70192333
84.90596592
85.11089472
85.31671738
85.52345680
85.73109008
85.93964012
86.14911458
86.35954400
86.57088256
86.78316844
86.99637874
87.21052109
87.42566424
87.64177765
87.85880782
88.07686172
88.29591643
88.51590319
88.73692132
88.95894789
89.18194471
89.40598054
89.63102482
89.85711574
90.08420748
90.31233822
90.54153852
90.77183131
91.00314783
91.23551099
91.46902012
91.70354533
91.93923179
92.17597253
92.41381340
92.65282315
92.89289483
93.13412011
93.37649899
93.62003912
93.86468701
94.11051906
94.35749707
94.60565161
94.85504379
95.10556665
95.35732715
95.61025654
95.86446940
96.11983587
96.37647054
96.63436576
96.89350627
97.15389970
97.41553840
97.67845295
97.94266625
98.20818595
98.47497386
98.74309108
99.01259873
99.28337458
99.55552559
99.82906704
100.10390724
100.38005385
100.65766728
100.93665587
101.21704254
101.49887312
101.78208649
102.06669795
102.35279151
102.64032899
102.92934858
103.21985028
103.51180354
103.80523127
104.10018695
104.39666294
104.69462104
104.99414529
105.29520514
105.59784641
105.90203092
106.20778157
106.51519005
106.82413413
107.13471311
107.44694227
107.76078343
108.07626713
108.39342394
108.71224622
109.03277980
109.35499413
109.67891976
110.00455670
110.33195842
110.66110965
110.99196454
111.32464533
111.65909855
111.99536239
112.33345977
112.67332957
113.01507111
113.35866911
113.70413886
114.05149562
114.40078524
114.75195424
115.10506374
115.46004498
115.81702784
116.17597411
116.53689908
116.89977982
117.26470038
117.63168368
118.00065331
118.37170860
118.74484953
119.12003793
119.49735781
119.87678627
120.25833857
120.64203002
121.02783767
121.41591433
121.80613776
122.19861492
122.59331525
122.99026166
123.38945417
123.79093860
124.19470731
124.60082908
125.00925041
125.42001714
125.83315220
126.24864794
126.66660368
127.08690483
127.50969654
127.93492533
128.36260648
128.79281639
129.22556270
129.66076902
130.09854229
130.53894363
130.98192721
131.42741664
131.87561053
132.32649362
132.78003535
133.23614403
133.69506414
134.15665817
134.62106363
135.08821939
135.55818659
136.03093466
136.50650944
136.98494149
137.46623081
137.95043851
138.43756460
138.92759380
139.42057194
139.91657543
140.41552786
140.91755147
141.42260043
141.93078168
142.44200356
142.95637302
143.47385950
143.99449356
144.51836687
145.04541832
145.57575487
146.10926955
146.64611517
147.18632228
147.72981449
148.27665291
148.82691394
149.38052118
149.93761215
150.49815629
151.06219944
151.62972632
152.20084388
152.77549101
153.35374410
153.93557260
154.52105290
155.11023084
155.70307587
156.29967966
156.90001164
157.50413295
158.11208941
158.72394215
159.33952309
159.95910726
160.58257243
161.20999499
161.84134438
162.47678868
163.11626678
163.75982450
164.40743129
165.05919411
165.71517408
166.37524895
167.03958681
167.70812654
168.38102092
169.05819357
169.73967504
170.42554173
171.11583948
171.81059884
172.50981982
173.21356354
173.92193695
174.63483309
175.35226725
176.07443806
176.80117744
177.53266875
178.26891199
179.00995299
179.75576120
180.50642830
181.26203067
182.02253777
182.78798016
183.55841894
184.33383884
185.11436210
185.90000400
186.69068813
187.48658258
188.28774846
189.09409409
189.90572644
190.72273717
191.54508045
192.37275628
193.20590218
194.04450286
194.88860416
195.73829777
196.59369063
197.45459940
198.32114631
199.19348415
200.07153653
200.95539512
201.84509049
202.74065319
203.64212905
204.54945698
205.46289670
206.38235655
207.30792821
208.23965751
209.17752918
210.12155848
211.07182183
212.02845674
212.99141736
213.96074953
214.93659078
215.91886471
216.90764770
217.90301616
218.90498538
219.91363174
220.92895524
221.95103229
222.97986288
224.01559982
225.05821253
226.10777742
227.16444728
228.22799292
229.29868937
230.37644496
231.46145832
232.55360720
233.65316665
234.75996859
235.87418109
236.99577359
238.12489890
239.26152644
240.40576318
241.55762439
242.71707953
243.88440361
245.05947440
246.24232246
247.43310059
248.63182407
249.83852345
251.05325985
252.27620135
253.50725628
254.74656213
255.99398141
257.24985026
258.51407700
259.78673802
261.06789446
262.35757687
263.65584636
264.96285573
266.27854386
267.60294131
268.93617032
270.27832257
271.62945917
272.98961068
274.35868542
275.73701955
277.12449082
278.52122148
279.92733376
281.34270542
282.76748926
284.20177696
285.64562963
287.09907783
288.56212157
290.03503587
291.51763738
293.01010945
294.51251321
296.02494033
297.54745192
299.07998687
300.62269798
302.17567692
303.73895424
305.31259108
306.89667910
308.49127943
310.09648374
311.71220035
313.33873485
314.97605669
316.62422698
318.28327628
319.95329628
321.63425640
323.32634000
325.02963877
326.74409158
328.47006514
330.20722331
331.95602446
333.71628524
335.48821957
337.27167465
339.06698663
340.87403328
342.69293683
344.52388063
346.36683413
348.22182788
350.08907580
