9467.74220467
9584.00774002
9649.56665039
9707.52167702
9762.02774048
9814.39089775
9865.09895325
9914.36862946
9962.32724190
10009.05561447
10054.62884903
10099.10774231
10142.55738258
10185.01782417
10226.55558586
10267.21572876
10307.04188347
10346.08697891
10384.38749313
10421.98204994
10458.92143250
10495.23639679
10530.94840050
10566.10608101
10600.73089600
10634.85717773
10668.50209236
10701.69925690
10734.46369171
10766.82400703
10798.79379272
10830.40308952
10861.66405678
10892.59171486
10923.20466042
10953.51576805
10983.54578018
11013.29541206
11042.78969765
11072.03364372
11101.04298592
11129.82559204
11158.39219093
11186.74921989
11214.90669250
11242.87533760
11270.65730095
11298.26974869
11325.71196556
11352.99539566
11380.12218475
11407.09805489
11433.93301964
11460.63065529
11487.18953133
11513.62323761
11539.92676735
11566.11800194
11592.19193459
11618.14498901
11644.00005341
11669.74067688
11695.38474083
11720.92866898
11746.37818336
11771.72541618
11796.99182510
11822.16668129
11847.25070000
11872.25604057
11897.17698097
11922.01852798
11946.77925110
11971.46558762
11996.07896805
12020.61653137
12045.09115219
12069.48995590
12093.82295609
12118.08872223
12142.28296280
12166.42999649
12190.49406052
12214.50662613
12238.45052719
12262.33720779
12286.16094589
12309.92746353
12333.63819122
12357.29026794
12380.88941574
12404.42848206
12427.92177200
12451.35641098
12474.73526001
12498.06404114
12521.34704590
12544.56710815
12567.74425507
12590.86561203
12613.93547058
12636.96241379
12659.94215012
12682.87038803
12705.75141907
12728.58095169
12751.36756897
12774.09839630
12796.78916931
12819.43845749
12842.03910828
12864.58969116
12887.09735870
12909.55781937
12931.97822571
12954.35714722
12976.68027878
12998.96192551
13021.20780945
13043.40934753
13065.56224823
13087.67652512
13109.74502563
13131.77061081
13153.75185013
13175.68874359
13197.58701324
13219.44665909
13241.26052856
13263.03291321
13284.76238251
13306.44893646
13328.09114456
13349.69758987
13371.26970291
13392.79317856
13414.27803040
13435.72282791
13457.13043213
13478.49369049
13499.81689453
13521.09432220
13542.34170914
13563.54045868
13584.70201492
13605.82780838
13626.91068649
13647.96209335
13668.97201538
13689.93902206
13710.86597443
13731.75287247
13752.59828568
13773.40793610
13794.17753220
13814.90564346
13835.59799194
13856.25743866
13876.88112259
13897.46046066
13918.00260544
13938.50755692
13958.97674561
13979.40015793
13999.79209900
14020.14684677
14040.46726227
14060.74762344
14080.98649979
14101.19247437
14121.36125565
14141.49141312
14161.58151627
14181.63442612
14201.64871216
14221.63152695
14241.57571793
14261.48700714
14281.35108948
14301.18799210
14320.99485397
14340.76023102
14360.48555374
14380.16796112
14399.82461929
14419.43836212
14439.01491165
14458.55569839
14478.06501389
14497.53427505
14516.97063446
14536.37266159
14555.73463440
14575.06513596
14594.35558319
14613.61885071
14632.84635544
14652.04095840
14671.20265961
14690.32144547
14709.40876007
14728.46174240
14747.47753143
14766.45898819
14785.40611267
14804.31461334
14823.19021225
14842.03290939
14860.84699631
14879.62102890
14898.36502075
14917.07181931
14935.73856354
14954.37955856
14972.98192978
14991.54853821
15010.08939743
15028.59020233
15047.06239700
15065.49596786
15083.89091492
15102.26440430
15120.60070038
15138.90838623
15157.17744827
15175.41503906
15193.61400604
15211.79008484
15229.92753983
15248.03638458
15266.11375809
15284.15393829
15302.16407776
15320.13845444
15338.08279037
15355.99708557
15373.86703491
15391.71552658
15409.53397751
15427.31666565
15445.07217407
15462.79621124
15480.49020767
15498.15130234
15515.78521729
15533.38909149
15550.94861984
15568.48955154
15585.99185944
15603.46126556
15620.90206146
15638.30852509
15655.68923950
15673.03848267
15690.35339355
15707.64112473
15724.89738464
15742.11645126
15759.30118561
15776.46732330
15793.59769821
15810.70232391
15827.76832581
15844.81430054
15861.82165146
15878.79896164
15895.75195313
15912.66918182
15929.56638336
15946.42782211
15963.26637268
15980.07345200
15996.85764313
16013.60177994
16030.31873703
16047.00565338
16063.65823746
16080.29365540
16096.89903259
16113.46864700
16130.01251221
16146.52919769
16163.01870346
16179.47816849
16195.91045380
16212.31412888
16228.68633270
16245.03421783
16261.35921478
16277.64415741
16293.90764236
16310.14108658
16326.35164261
16342.53644943
16358.67691040
16374.80449677
16390.89488983
16406.96096420
16422.99985886
16439.01300430
16455.00183105
16470.95775604
16486.89079285
16502.80094147
16518.67103577
16534.52110291
16550.34255981
16566.13111496
16581.90393448
16597.64099121
16613.35515976
16629.04500961
16644.71340179
16660.33601761
16675.94432831
16691.52688980
16707.08370209
16722.61190414
16738.10863495
16753.58963013
16769.04344559
16784.47294235
16799.87668991
16815.25182724
16830.60264587
16845.92628479
16861.22417450
16876.49774551
16891.75128937
16906.97622299
16922.17683792
16937.36028671
16952.50225067
16967.62847900
16982.72752762
16997.79510498
17012.84408569
17027.86874771
17042.87195206
17057.84797668
17072.79968262
17087.71991730
17102.61297226
17117.48600006
17132.33184814
17147.15766907
17161.96775436
17176.74779892
17191.50924683
17206.24208450
17220.95346451
17235.63766479
17250.29325485
17264.92309570
17279.53290939
17294.11554337
17308.67815018
17323.21643829
17337.73469925
17352.22291946
17366.68968201
17381.13212585
17395.55740356
17409.95693207
17424.32785034
17438.68160248
17453.01103592
17467.31901169
17481.59837723
17495.86343765
17510.10417938
17524.31631088
17538.51556778
17552.68907547
17566.82825089
17580.95884323
17595.06368637
17609.14421082
17623.20184708
17637.23802567
17651.24988556
17665.24171829
17679.21066284
17693.15528870
17707.07416534
17720.97873688
17734.86328125
17748.71778488
17762.56370544
17776.38530731
17790.17829895
17803.95412445
17817.70563126
17831.43424988
17845.14141083
17858.82854462
17872.49708176
17886.14130020
17899.76406097
17913.36679459
17926.94950104
17940.50788879
17954.04767990
17967.56744385
17981.06575012
17994.54116821
18007.99369812
18021.43192291
18034.84582901
18048.23684692
18061.61499023
18074.96595383
18088.29545975
18101.60493851
18114.90726471
18128.18098068
18141.42465591
18154.65831757
18167.86623001
18181.05411530
18194.22769547
18207.37981796
18220.51477432
18233.62255096
18246.71888351
18259.79804993
18272.85432816
18285.88485718
18298.89965057
18311.89298630
18324.86200333
18337.81814575
18350.74710846
18363.65890503
18376.55639648
18389.43815231
18402.29415894
18415.13872147
18427.95753479
18440.75632095
18453.53937149
18466.30525589
18479.05683517
18491.78123474
18504.48989868
18517.18425751
18529.85143661
18542.50288010
18555.13715744
18567.74425507
18580.34133911
18592.92125702
18605.48114777
18618.02673340
18630.53941727
18643.04351807
18655.53331375
18668.00022125
18680.44996262
18692.88253784
18705.29508591
18717.69332886
18730.06582260
18742.41685867
18754.75931168
18767.08173752
18779.37984467
18791.67222977
18803.94029617
18816.19119644
18828.42206955
18840.63577652
18852.83803940
18865.02170563
18877.18391418
18889.32609558
18901.44968033
18913.56468201
18925.65393448
18937.72602081
18949.77664948
18961.81440353
18973.83928299
18985.83841324
18997.83182144
19009.79518890
19021.74568176
19033.68043900
19045.59659958
19057.49702454
19069.38600540
19081.25782013
19093.10817719
19104.94422913
19116.75739288
19128.56340408
19140.34795761
19152.11820602
19163.87844086
19175.61721802
19187.34169006
19199.05757904
19210.74342728
19222.41497040
19234.06219482
19245.70512772
19257.32231140
19268.92948151
19280.51805496
19292.09232330
19303.65085602
19315.19937515
19326.72929764
19338.24634552
19349.75051880
19361.22465134
19372.68733978
19384.13429260
19395.56837082
19406.98242188
19418.38216782
19429.76617813
19441.13445282
19452.49128342
19463.82379532
19475.14772415
19486.45162582
19497.74408340
19509.02366638
19520.28036118
19531.52847290
19542.75512695
19553.97319794
19565.17553329
19576.35354996
19587.52727509
19598.67668152
19609.81607437
19620.94831467
19632.05766678
19643.15414429
19654.24203873
19665.30418396
19676.35345459
19687.39128113
19698.40192795
19709.40971375
19720.39747238
19731.37664795
19742.33722687
19753.28207016
19764.21689987
19775.13885498
19786.04078293
19796.92840576
19807.81173706
19818.67218018
19829.51831818
19840.35587311
19851.16767883
19861.96804047
19872.76268005
19883.53157043
19894.29473877
19905.03215790
19915.76957703
19926.47695541
19937.17718124
19947.86310196
19958.53614807
19969.19488907
19979.83932495
19990.46659470
20001.08671188
20011.69109344
20022.27401733
20032.84549713
20043.40124130
20053.94840240
20064.48554993
20075.00839233
20085.51406860
20096.01116180
20106.48965836
20116.96529388
20127.41947174
20137.85362244
20148.27632904
20158.69331360
20169.08884048
20179.47149277
20189.84270096
20200.20532608
20210.54935455
20220.87478638
20231.19449615
20241.49560928
20251.78527832
20262.06207275
20272.33314514
20282.56845474
20292.81234741
20303.03192139
20313.23719025
20323.43530655
20333.61768723
20343.79148483
20353.96099091
20364.10331726
20374.23133850
20384.35506821
20394.46020126
20404.55961227
20414.63327408
20424.70550537
20434.76200104
20444.80133057
20454.83064651
20464.84851837
20474.85065460
20484.84420776
20494.81487274
20504.78124619
20514.72187042
20524.66392517
20534.59453583
20544.51370239
20554.42857742
20564.32056427
20574.20539856
20584.07020569
20593.92929077
20603.77550125
20613.60597610
20623.43358994
20633.23831558
20643.03016663
20652.81486511
20662.58811951
20672.35851288
20682.11460114
20691.84780121
20701.57384872
20711.29131317
20720.99590302
20730.68761826
20740.37075043
20750.03528595
20759.69409943
20769.33717728
20778.98168564
20788.59615326
20798.20775986
20807.80792236
20817.39664078
20826.97105408
20836.54117584
20846.09270096
20855.63993454
20865.17429352
20874.69863892
20884.21154022
20893.70870590
20903.20587158
20912.67728806
20922.14155197
20931.59008026
20941.03574753
20950.46710968
20959.89561081
20969.29836273
20978.69825363
20988.08240891
20997.45798111
21006.81924820
21016.17765427
21025.51746368
21034.85727310
21044.18134689
21053.49826813
21062.79945374
21072.09348679
21081.37321472
21090.64149857
21099.89690781
21109.14230347
21118.38197708
21127.60162354
21136.81411743
21146.01087570
21155.20477295
21164.38293457
21173.54679108
21182.71207809
21191.85733795
21200.99401474
21210.12067795
21219.22588348
21228.33824158
21237.42914200
21246.50859833
21255.59091568
21264.64319229
21273.70262146
21282.74631500
21291.76855087
21300.78935623
21309.79728699
21318.79377365
21327.78024673
21336.74812317
21345.71456909
21354.67100143
21363.62171173
21372.55239487
21381.47592545
21390.39230347
21399.30438995
21408.19787979
21417.08707809
21425.95624924
2035.66571474
2068.54831696
2090.66658258
2113.16301346
2135.89981794
2158.79557371
2181.81168556
2204.93088722
2228.14200640
2251.43844128
2274.81494427
2298.26779127
2321.79156542
2345.38305044
2369.03632164
2392.74697781
2416.51247978
2440.32639503
2464.18449163
2488.08270693
2512.01697826
2535.98324299
2559.97642279
2583.99296284
2608.02880049
2632.07953453
2656.14211798
2680.21282673
2704.28861380
2728.36761713
2752.44272709
2776.51563644
2800.58008194
2824.63555574
2848.67816448
2872.70740032
2896.71936989
2920.71271896
2944.68440056
2968.63475323
2992.55937576
3016.45759106
3040.33007622
3064.17107582
3087.98329830
3111.76301956
3135.50990105
3159.22360420
3182.89938927
3206.54199600
3230.14770031
3253.71548653
3277.24501610
3300.73628902
3324.18828964
3347.60000229
3370.97074986
3394.30120945
3417.58934975
3440.83483219
3464.04104233
3487.20391750
3510.32278061
3533.40000153
3556.43490314
3579.42545414
3602.37368584
3625.28162956
3648.14352989
3670.96446514
3693.74104977
3716.47429943
3739.16353703
3761.81045532
3784.41370010
3806.97394848
3829.49289322
3851.96884155
3874.40314770
3896.79242611
3919.14073944
3941.44639492
3963.71210098
3985.93514919
4008.11757088
4030.25699615
4052.35613346
4074.41329002
4096.43185139
4118.40910912
4140.34472466
4162.24276066
4184.09881592
4205.91661453
4227.69378662
4249.43236351
4271.13336086
4292.79339314
4314.41652298
4336.00071907
4357.54631996
4379.05501842
4400.52783012
4421.96170807
4443.35969925
4464.72281933
4486.04734421
4507.33733654
4528.59110355
4549.80796814
4570.99300861
4592.14216232
4613.25305939
4634.32976246
4655.37396431
4676.38397217
4697.36046314
4718.30309868
4739.21289444
4760.08917332
4780.93193531
4801.74219608
4822.51758575
4843.26419830
4863.97627831
4884.65517998
4905.30564308
4925.92360497
4946.51075840
4967.06710339
4987.59263992
5008.08804512
5028.55264187
5048.98744583
5069.39144135
5089.76699829
5110.11039257
5130.42670250
5150.71220398
5170.96960545
5191.19721413
5211.39943123
5231.56948566
5251.71076298
5271.82631016
5291.91341877
5311.97310448
5332.00502872
5352.00986862
5371.98762417
5391.93490982
5411.85680389
5431.75195217
5451.62103176
5471.46201134
5491.27726078
5511.06678009
5530.83090782
5550.56930542
5570.28061867
5589.96586323
5609.62876320
5629.26322460
5648.87263298
5668.46003532
5688.02035332
5707.55629539
5727.06583023
5746.55369759
5766.01583481
5785.45291901
5804.86698151
5824.26073074
5843.62536430
5862.96494484
5882.28488922
5901.57774925
5920.84961891
5940.09575844
5959.31819916
5978.52168083
5997.69740105
6016.85348511
6035.98248482
6055.09252548
6074.17819023
6093.24354172
6112.28519440
6131.30517960
6150.30214310
6169.27879333
6188.23039055
6207.15896606
6226.06722832
6244.95314598
6263.81536484
6282.65727043
6301.47818565
6320.27607918
6339.05365944
6357.80957222
6376.54584885
6395.26113510
6413.95746231
6432.62873650
6451.27969742
6469.90831375
6488.51729393
6507.10392952
6525.67160606
6544.21693802
6562.74263382
6581.24869347
6599.73579407
6618.19987297
6636.64634705
6655.07521629
6673.48309517
6691.86795235
6710.23114204
6728.57672691
6746.90132141
6765.20627975
6783.49227905
6801.75864220
6820.00604630
6838.23178291
6856.43720627
6874.62367058
6892.79117584
6910.93769073
6929.06660080
6947.17452049
6965.26618958
6983.33822250
7001.38926506
7019.42202568
7037.43379593
7055.42660713
7073.39978218
7091.35670662
7109.29196358
7127.20893860
7145.10560036
7162.98668861
7180.85017204
7198.69334221
7216.51958466
7234.32619095
7252.11519241
7269.88591194
7287.63699532
7305.36979675
7323.08567047
7340.78190804
7358.46189499
7376.12630844
7393.76973152
7411.39419556
7429.00105476
7446.58895493
7464.15789604
7481.71464920
7499.24634933
7516.76586151
7534.26302910
7551.74597740
7569.20861244
7586.65770531
7604.08309937
7621.49291992
7638.88716698
7656.26448631
7673.62216949
7690.96224785
7708.28336716
7725.59162140
7742.88159370
7760.15599251
7777.40872383
7794.64385033
7811.86543465
7829.06602859
7846.25308037
7863.41981888
7880.56759834
7897.70386696
7914.82049942
7931.91884995
7948.99959564
7966.06612206
7983.11842918
8000.14771461
8017.16345787
8034.16430473
8051.14416122
8068.10912132
8085.05715370
8101.98825836
8118.90175819
8135.80103874
8152.68271446
8169.55017090
8186.40069962
8203.23226929
8220.04894257
8236.84801102
8253.63015175
8270.39468765
8287.14568138
8303.87568474
8320.59417725
8337.29100227
8353.97563934
8370.64402580
8387.29819298
8403.93340111
8420.55574417
8437.15709686
8453.74693871
8470.31714439
8486.87313080
8503.41083527
8519.93432045
8536.44020081
8552.92779922
8569.40320969
8585.86304665
8602.30866432
8618.73329163
8635.14776230
8651.54191971
8667.92321205
8684.28960800
8700.63772202
8716.96958542
8733.28587532
8749.58659172
8765.87308884
8782.14468956
8798.40003967
8814.63981628
8830.86131096
8847.06790924
8863.25893402
8879.44047928
8895.60035706
8911.75075531
8927.88016319
8943.99670601
8960.10038376
8976.18713379
8992.25831032
9008.31594467
9024.35597420
9040.37975311
9056.38863564
9072.38465309
9088.36035728
9104.32184219
9120.26843071
9136.20215416
9152.12030411
9168.02491188
9183.91326904
9199.79079247
9215.64800262
9231.49370193
9247.32382774
9263.13634872
9278.93735886
9294.71737862
9310.48453331
9326.24085426
9341.97821617
9357.69932747
9373.41095924
9389.10566330
9404.78614807
9420.45038223
9436.09972000
9451.73416138
9467.35370636
9482.95835495
9498.55284691
9514.13447380
9529.69375610
9545.24220467
9560.77643394
9576.29982948
9591.80223465
9607.29312897
9622.76844978
9638.23293686
9653.68320465
9669.11248207
9684.53160286
9699.93785858
9715.32718658
9730.70838928
9746.06657028
9761.41933441
9776.75991058
9792.08762169
9807.39366531
9822.68278122
9837.95970917
9853.22648048
9868.47632408
9883.71330261
9898.93064499
9914.13579941
9929.32808876
9944.50819016
9959.66797829
9974.81693268
9989.94895935
10005.07082939
10020.17983437
10035.27258873
10050.35180092
10065.41882515
10080.46485901
10095.50479889
10110.53051949
10125.53795815
10140.53727150
10155.51898003
10170.48714638
10185.44312477
10200.38691521
10215.31851768
10230.23996353
10245.13906479
10260.02530098
10274.89867210
10289.76188660
10304.60885048
10319.44362640
10334.26418304
10349.06848907
10363.86128426
10378.64189148
10393.40827942
10408.16451073
10422.90449142
10437.63431549
10452.34856606
10467.05198288
10481.74050331
10496.41751289
10511.08098030
10525.72413445
10540.36254883
10554.98200417
10569.58927155
10584.18638229
10598.76724243
10613.34133148
10627.89307594
10642.43804932
10656.96744919
10671.48940086
10685.99713326
10700.49132347
10714.97061729
10729.43433762
10743.88722420
10758.32859993
10772.75304794
10787.16463089
10801.56199455
10815.94852448
10830.32151222
10844.68163490
10859.03092384
10873.36599350
10887.69090652
10901.99956894
10916.29739761
10930.58303833
10944.85107422
10959.11098480
10973.35870743
10987.59221077
11001.81014061
11016.01859093
11030.21553040
11044.39554214
11058.56945992
11072.72712708
11086.87666893
11101.00589752
11115.12429237
11129.22846794
11143.32248688
11157.40296364
11171.47192955
11185.52938461
11199.57397461
11213.60637665
11227.62659073
11241.63732529
11255.63045502
11269.61410522
11283.58759880
11297.54619598
11311.48786545
11325.42344093
11339.34479713
11353.25531960
11367.15026855
11381.03370667
11394.90495682
11408.76943588
11422.61766434
11436.45641327
11450.28026581
11464.09193039
11477.89005280
11491.68546677
11505.46192169
11519.22754288
11532.98368454
11546.72628403
11560.45398712
11574.16814804
11587.87689209
11601.56938553
11615.25239944
11628.92322540
11642.58457184
11656.23237610
11669.86934662
11683.49412918
11697.11214066
11710.71119308
11724.29805756
11737.87679672
11751.43928528
11764.99229431
11778.53311539
11792.06310272
11805.57954788
11819.08922195
11832.58535385
11846.07065201
11859.53969955
11872.99791336
11886.44935608
11899.88996506
11913.31703186
11926.73461914
11940.13460159
11953.52375031
11966.90206528
11980.26819229
11993.63025665
12006.97471619
12020.30698776
12033.62707138
12046.93632126
12060.23744583
12073.52909088
12086.80177689
12100.06904602
12113.32277298
12126.56702042
12139.80043411
12153.02843094
12166.24017715
12179.43702698
12192.62710571
12205.80228806
12218.96663666
12232.12150574
12245.26418686
12258.39738846
12271.51704788
12284.62451935
12297.71709442
12310.80831528
12323.87786865
12336.94877625
12349.99259949
12363.03777695
12376.06805801
12389.09021378
12402.10289001
12415.10066986
12428.08897018
12441.06237411
12454.03036118
12466.98074341
12479.92841721
12492.85577774
12505.77907562
12518.69018555
12531.58910751
12544.47854996
12557.35309601
12570.21545410
12583.06562424
12595.91444016
12608.74700546
12621.56738281
12634.37557220
12647.17969894
12659.96351242
12672.73920059
12685.49863815
12698.25807571
12711.00803375
12723.74444962
12736.46596909
12749.17800903
12761.87786102
12774.58042145
12787.25996017
12799.93001938
12812.59330750
12825.24305344
12837.88602829
12850.51275253
12863.12864304
12875.74317932
12888.34417343
12900.93975067
12913.51501465
12926.08621597
12938.64116669
12951.19070053
12963.72804642
12976.25320435
12988.77971649
13001.28185272
13013.77992630
13026.26852036
13038.73950958
13051.20779037
13063.66523743
13076.11320496
13088.54763031
13100.97528458
13113.38804245
13125.78590393
13138.18511963
13150.57350159
13162.94563293
13175.31505585
13187.66687393
13200.00921249
13212.34613419
13224.66409683
13236.98205948
13249.28783417
13261.57871246
13273.86552811
13286.13744736
13298.40259552
13310.65690994
13322.90445328
13335.14522552
13347.36568451
13359.58749771
13371.79441452
13383.99456024
13396.18387222
13408.36776733
13420.53405762
13432.69086838
13444.84767914
13456.98688507
13469.11119461
13481.23008728
13493.34356308
13505.44755936
13517.54072189
13529.62440491
13541.69860840
13553.76197815
13565.81857681
13577.86705017
13589.89656448
13601.92743301
13613.94340515
13625.94854355
13637.94284821
13649.93038177
13661.90437317
13673.86888504
13685.83339691
13697.78436661
13709.71773148
13721.64974213
13733.57227325
13745.47990799
13757.38077164
13769.26944733
13781.14728928
13793.02106857
13804.88265991
13816.73748016
13828.58417511
13840.41732788
13852.24235535
13864.05519485
13875.86397171
13887.65514374
13899.44089890
13911.21988297
13922.98667908
13934.74534988
13946.49318695
13958.23425293
13969.96042252
13981.68794632
13993.40057373
14005.10372162
14016.79738998
14028.48699570
337.02682495
339.14318085
342.06916809
345.20698547
348.49998474
351.91421509
355.42819977
359.02763367
362.70236969
366.44569397
370.25302887
374.12086487
378.04672241
382.02873230
386.06590271
390.15705109
394.30126190
398.49849701
402.74795532
407.04959869
411.40281677
415.80791473
420.26416779
424.77218628
429.33135986
433.94195557
438.60359192
443.31642151
448.08021545
452.89501190
457.76062012
462.67723083
467.64469147
472.66269684
477.73139954
482.85034180
488.01979065
493.23921204
498.50856781
503.82781982
509.19692993
514.61551666
520.08335114
525.60043335
531.16634369
536.78081512
542.44373322
548.15479279
553.91387939
559.72061157
565.57483673
571.47636414
577.42454529
583.41949463
589.46037292
595.54740906
601.68010712
607.85812378
614.08084869
620.34870148
626.66072845
633.01689148
639.41680908
645.85998535
652.34642029
658.87550354
665.44700623
672.06047058
678.71559143
685.41206360
692.14950562
698.92776489
705.74615479
712.60437012
719.50210571
726.43920898
733.41529846
740.43037415
747.48344421
754.57382202
761.70219421
768.86756897
776.07009888
783.30894470
790.58410645
797.89527893
805.24108887
812.62268066
820.03898621
827.48970032
834.97428894
842.49328613
850.04539490
857.63122559
865.24940491
872.90031433
880.58334351
888.29887390
896.04522705
903.82331848
911.63261414
919.47204590
927.34237671
935.24276733
943.17253113
951.13220215
959.12132263
967.13912964
975.18585205
983.26103210
991.36383057
999.49478149
1007.65296936
1015.83885193
1024.05151367
1032.29095459
1040.55702209
1048.84963989
1057.16812134
1065.51284790
1073.88275146
1082.27798462
1090.69786072
1099.14230347
1107.61169434
1116.10549927
1124.62326050
1133.16452026
1141.72988892
1150.31852722
1158.92959595
1167.56500244
1176.22268677
1184.90280151
1193.60473633
1202.32849121
1211.07475281
1219.84237671
1228.63182068
1237.44216919
1246.27365112
1255.12588501
1263.99818420
1272.89176941
1281.80557251
1290.73974609
1299.69345093
1308.66714478
1317.66036987
1326.67205811
1335.70404053
1344.75463867
1353.82354736
1362.91152954
1372.01873779
1381.14334106
1390.28701782
1399.44778442
1408.62640381
1417.82333374
1427.03811646
1436.26998901
1445.51925659
1454.78485107
1464.06768799
1473.36746216
1482.68371582
1492.01644897
1501.36535645
1510.72982788
1520.11077881
1529.50729370
1538.91983032
1548.34716797
1557.79022217
1567.24929810
1576.72225952
1586.21093750
1595.71456909
1605.23345947
1614.76623535
1624.31457520
1633.87634277
1643.45245361
1653.04229736
1662.64617920
1672.26409912
1681.89544678
1691.54129028
1701.20040894
1710.87326050
1720.55923462
1730.25863647
1739.97055054
1749.69589233
1759.43389893
1769.18426514
1778.94790649
1788.72360229
1798.51226807
1808.31253052
1818.12515259
1827.94982910
1837.78701782
1847.63595581
1857.49557495
1867.36755371
1877.25158691
1887.14630127
1897.05383301
1906.97174072
1916.90063477
1926.84097290
1936.79275513
1946.75521851
1956.72836304
1966.71218872
1976.70639038
1986.71127319
1996.72760010
2006.75476074
2016.79107666
2026.83822632
2036.89575195
2046.96334839
2057.03994751
2067.12646484
2077.22244263
2087.32894897
2097.44445801
2107.56896973
2117.70431519
2127.84820557
2138.00140381
2148.16314697
2158.33465576
2168.51516724
2178.70376587
2188.90289307
2199.11056519
2209.32662964
2219.55139160
2229.78546143
2240.02655029
2250.27664185
2260.53482056
2270.80245972
2281.07818604
2291.36032104
2301.65267944
2311.95251465
2322.26058960
2332.57476807
2342.89779663
2353.22784424
2363.56765747
2373.91479492
2384.26971436
2394.62997437
2404.99908447
2415.37521362
2425.75942993
2436.15066528
2446.54891968
2456.95434570
2467.36709595
2477.78594971
2488.21182251
2498.64486694
2509.08477783
2519.53125000
2529.98443604
2540.44387817
2550.91018677
2561.38122559
2571.86187744
2582.34710693
2592.83966064
2603.33831787
2613.84338379
2624.35516357
2634.87243652
2645.39550781
2655.92498779
2666.46057129
2677.00164795
2687.54821777
2698.10058594
2708.65875244
2719.22302246
2729.79248047
2740.36804199
2750.94879150
2761.53564453
2772.12829590
2782.72735596
2793.33129883
2803.94104004
2814.55413818
2825.17333984
2835.79742432
2846.42608643
2857.06054688
2867.69866943
2878.34320068
2888.99108887
2899.64599609
2910.30426025
2920.96862793
2931.63604736
2942.30895996
2952.98614502
2963.66851807
2974.35394287
2985.04608154
2995.74035645
3006.43890381
3017.14324951
3027.85186768
3038.56506348
3049.28222656
3060.00213623
3070.72753906
3081.45812988
3092.19024658
3102.92755127
3113.66912842
3124.41314697
3135.16296387
3145.91400146
3156.67205811
3167.43194580
3178.19549561
3188.96331787
3199.73419189
3210.50781250
3221.28692627
3232.06878662
3242.85369873
3253.64166260
3264.43359375
3275.22949219
3286.02783203
3296.82891846
3307.63427734
3318.44299316
3329.25445557
3340.07049561
3350.88989258
3361.71203613
3372.53692627
3383.36395264
3394.19555664
3405.02838135
3415.86578369
3426.70471191
3437.54638672
3448.39202881
3459.24072266
3470.09185791
3480.94512939
3491.79992676
3502.65960693
3513.52020264
3524.38537598
3535.24963379
3546.11938477
3556.99127197
3567.86346436
3578.74114990
3589.61883545
3600.49987793
3611.38397217
3622.26928711
3633.15704346
3644.04815674
3654.93957520
3665.83557129
3676.73217773
3687.62939453
3698.53057861
3709.43115234
3720.33569336
3731.24084473
3742.14904785
3753.05847168
3763.97003174
3774.88372803
3785.79986572
3796.71691895
3807.63793945
3818.55957031
3829.48272705
3840.40710449
3851.33209229
3862.25952148
3873.18786621
3884.11804199
3895.04974365
3905.98236084
3916.91802979
3927.85247803
3938.78784180
3949.72625732
3960.66711426
3971.61010742
3982.55310059
3993.49731445
4004.44366455
4015.39215088
4026.33972168
4037.28820801
4048.24005127
4059.19311523
4070.14434814
4081.09680176
4092.05169678
4103.00781250
4113.96484375
4124.92248535
4135.88195801
4146.84265137
4157.80242920
4168.76403809
4179.72686768
4190.68817139
4201.65222168
4212.61535645
4223.58001709
4234.54589844
4245.51269531
4256.48010254
4267.44842529
4278.41888428
4289.38781738
4300.35766602
4311.32720947
4322.29919434
4333.27056885
4344.24377441
4355.21759033
4366.18957520
4377.16400146
4388.13781738
4399.11254883
4410.08819580
4421.06475830
4432.03674316
4443.01177979
4453.98834229
4464.96307373
4475.93811035
4486.91528320
4497.88940430
4508.86657715
4519.84069824
4530.81787109
4541.79351807
4552.76733398
4563.74298096
4574.71771240
4585.69458008
4596.66839600
4607.64495850
4618.62030029
4629.59381104
4640.57189941
4651.54846191
4662.52471924
4673.49853516
4684.47448730
4695.45013428
4706.42578125
4717.40234375
4728.37860107
4739.35333252
4750.32897949
4761.30462646
4772.28027344
4783.25408936
4794.22637939
4805.20080566
4816.17553711
4827.15179443
4838.12500000
4849.09637451
4860.06866455
4871.04003906
4882.00897217
4892.97790527
4903.94714355
4914.91699219
4925.88348389
4936.84875488
4947.81677246
4958.78417969
4969.74884033
4980.71380615
4991.68090820
5002.64678955
5013.60900879
5024.57427979
5035.53588867
5046.49841309
5057.45849609
5068.41918945
5079.37713623
5090.33721924
5101.29699707
5112.25433350
5123.21166992
5134.16687012
5145.12451172
5156.07849121
5167.03186035
5177.98522949
5188.93798828
5199.89013672
5210.84106445
5221.79016113
5232.73681641
5243.68286133
5254.62585449
5265.57250977
5276.51550293
5287.45727539
5298.40026855
5309.33837891
5320.28015137
5331.21948242
5342.15881348
5353.09387207
5364.03015137
5374.96459961
5385.89721680
5396.82800293
5407.75939941
5418.68896484
5429.61730957
5440.54260254
5451.46728516
5462.39013672
5473.31237793
5484.23583984
5495.15563965
5506.07421875
5516.98852539
5527.90405273
5538.81713867
5549.72839355
5560.63842773
5571.54602051
5582.45239258
5593.35754395
5604.26330566
5615.16723633
5626.06750488
5636.97021484
5647.86865234
5658.76525879
5669.65881348
5680.55236816
5691.44409180
5702.33520508
5713.22448730
5724.11010742
5734.99877930
5745.88317871
5756.76757813
5767.64892578
5778.53027344
5789.40734863
5800.28686523
5811.16271973
5822.03613281
5832.90588379
5843.77685547
5854.64599609
5865.51330566
5876.37695313
5887.23937988
5898.10119629
5908.96240234
5919.82238770
5930.67810059
5941.53381348
5952.38342285
5963.23547363
5974.08264160
5984.93286133
5995.77941895
6006.62353516
6017.46459961
6028.30444336
6039.14184570
6049.97802734
6060.81420898
6071.64367676
6082.47436523
6093.30444336
6104.13269043
6114.95727539
6125.78247070
6136.60400391
6147.42675781
6158.24218750
6169.05639648
6179.87182617
6190.68542480
6201.49841309
6212.30407715
6223.11096191
6233.91235352
6244.71191406
6255.51269531
6266.30798340
6277.10083008
6287.89306641
6298.68652344
6309.47509766
6320.26062012
6331.04736328
6341.82922363
6352.60559082
6363.38562012
6374.16259766
6384.93591309
6395.70800781
6406.47705078
6417.24304199
6428.00842285
6438.77319336
6449.53308105
6460.29235840
6471.04797363
6481.80297852
6492.55737305
6503.30749512
6514.05395508
6524.79736328
6535.54199219
6546.28356934
6557.02087402
6567.75573730
6578.49121094
6589.22363281
6599.95239258
6610.67932129
6621.40441895
6632.12585449
6642.84484863
6653.56384277
6664.27917480
6674.99023438
6685.70007324
6696.40930176
6707.11608887
6717.81921387
6728.52172852
6739.22058105
6749.91699219
6760.61279297
6771.30432129
6781.99157715
6792.67639160
6803.36181641
6814.04235840
6824.72045898
6835.39489746
6846.06994629
6856.74072266
6867.40844727
6878.07373047
6888.73657227
6899.39758301
6910.05371094
6920.70861816
6931.36474609
6942.01416016
6952.66296387
6963.30993652
6973.95446777
6984.59655762
6995.23376465
7005.87036133
7016.50207520
7027.13256836
7037.75939941
7048.38684082
7059.00878906
7069.62951660
7080.24597168
7090.85815430
7101.46789551
7112.07946777
7122.68371582
7133.28796387
7143.88549805
7154.48425293
7165.07995605
7175.67016602
7186.25976563
7196.84570313
7207.43286133
7218.01513672
7228.59436035
7239.17297363
7249.74548340
7260.31494141
7270.88134766
7281.44287109
7292.00317383
7302.56408691
7313.12316895
7323.67919922
7334.23095703
7344.77783203
7355.32531738
7365.86914063
7376.41052246
7386.94824219
168.48286211
171.02307677
172.95821846
174.76196796
176.53082222
178.29657525
180.07238805
181.86409146
183.67495328
185.50648570
187.35991895
189.23598349
191.13521755
193.05817217
195.00527024
196.97679371
198.97331923
200.99498779
203.04218382
205.11526614
207.21450388
209.34016615
211.49265021
213.67217392
215.87903202
218.11353207
220.37599444
222.66657293
224.98567760
227.33338535
229.71023440
232.11627603
234.55168962
237.01698780
239.51229870
242.03775048
244.59372759
247.18035817
249.79789853
252.44655371
255.12660563
257.83810556
260.58148921
263.35673094
266.16421521
269.00412142
271.87639832
274.78140473
277.71934569
280.69024682
283.69441569
286.73177540
289.80271041
292.90745139
296.04584455
299.21809494
302.42427945
305.66475689
308.93942475
312.24848807
315.59197247
318.97003174
322.38274276
325.83020806
329.31250453
332.82976031
336.38177037
339.96894479
343.59102726
347.24842787
350.94104409
354.66892719
358.43192339
362.23034024
366.06407523
369.93300021
373.83742273
377.77729154
381.75245285
385.76300919
389.80916560
393.89061451
398.00766349
402.15977430
406.34758770
410.57056546
414.82888699
419.12257791
423.45148444
427.81563222
432.21514940
436.64980531
441.11972809
445.62466145
450.16465664
454.73976493
459.34973001
463.99460316
468.67443562
473.38922739
478.13856840
482.92261243
487.74130821
492.59460449
497.48234749
502.40422964
507.36055851
512.35118032
517.37594128
522.43499517
527.52788067
532.65470028
537.81555653
543.00993681
548.23814869
553.49993587
558.79499078
564.12382603
569.48562145
574.88078713
580.30881047
585.76994777
591.26414776
596.79105163
602.35076189
607.94281721
613.56773019
619.22468066
624.91438627
630.63628316
636.39011502
642.17608690
647.99399376
653.84342551
659.72453594
665.63732505
671.58133149
677.55691409
683.56325269
689.60137248
695.67019701
701.77003384
707.90057540
714.06177044
720.25377274
726.47632599
732.72917390
739.01175261
745.32447219
751.66748643
758.04043651
764.44306612
770.87552905
777.33721018
783.82836580
790.34884214
796.89899802
803.47785950
810.08573413
816.72272444
823.38821530
830.08256555
836.80536509
843.55646014
850.33620954
857.14415193
863.98033857
870.84405184
877.73575306
884.65544224
891.60291433
898.57775927
905.57956696
912.60885000
919.66540337
926.74912453
933.86001348
940.99755764
948.16196203
955.35291910
962.57032633
969.81397867
977.08367109
984.38073635
991.70353413
999.05216694
1006.42653227
1013.82642508
1021.25235796
1028.70371580
1036.18080616
1043.68311644
1051.21085167
1058.76339674
1066.34136677
1073.94404411
1081.57163382
1089.22362328
1096.90103769
1104.60213423
1112.32814312
1120.07793665
1127.85254002
1135.65123558
1143.47330570
1151.31936550
1159.18992758
1167.08376169
1175.00148296
1182.94268131
1190.90756178
1198.89561176
1206.90631866
1214.93896484
1222.99611330
1231.07581615
1239.17858601
1247.30432034
1255.45230150
1263.62324715
1271.81715727
1280.03269911
1288.27069283
1296.53011322
1304.81208801
1313.11610460
1321.44165039
1329.78893042
1338.15825224
1346.54941082
1354.96199608
1363.39529037
1371.85052395
1380.32677412
1388.82434845
1397.34314442
1405.88275194
1414.44265842
1423.02327394
1431.62470102
1440.24683714
1448.88937473
1457.55282640
1466.23596191
1474.93960142
1483.66405249
1492.40869999
1501.17262125
1509.95622635
1518.75982285
1527.58330822
1536.42647743
1545.28922796
1554.17094469
1563.07367802
1571.99476242
1580.93471050
1589.89352226
1598.87160778
1607.86917210
1616.88519001
1625.91996908
1634.97391939
1644.04570818
1653.13697577
1662.24628687
1671.37456417
1680.52139759
1689.68617201
1698.86847734
1708.06964636
1717.28885889
1726.52580738
1735.78008175
1745.05219460
1754.34235096
1763.65055084
1772.97617912
1782.31923580
1791.67910576
1801.05660915
1810.45133591
1819.86410618
1829.29327965
1838.73988152
1848.20268154
1857.68290997
1867.18056679
1876.69462681
1886.22529507
1895.77257156
1905.33727646
1914.91817951
1924.51487064
1934.12837505
1943.75787258
1953.40315819
1963.06484699
1972.74314404
1982.43681908
1992.14648724
2001.87112331
2011.61216259
2021.36898994
2031.14119530
2040.92980385
2050.73358536
2060.55294991
2070.38769245
2080.23719788
2090.10228634
2099.98234272
2109.87736702
2119.78797436
2129.71272945
2139.65306759
2149.60837364
2159.57844257
2169.56224918
2179.56245899
2189.57599640
2199.60511684
2209.64756489
2219.70518589
2229.77592945
2239.86102581
2249.96150017
2260.07468700
2270.20386696
2280.34596443
2290.50261974
2300.67239761
2310.85632324
2321.05419159
2331.26518250
2341.49134636
2351.73063278
2361.98304176
2372.24918842
2382.52866268
2392.82166958
2403.12820911
2413.44848633
2423.78106594
2434.12738323
2444.48661804
2454.85815525
2465.24219990
2475.64059734
2486.05170727
2496.47450447
2506.91021919
2517.35885143
2527.81978607
2538.29302311
2548.77958775
2559.27947998
2569.79023933
2580.31535149
2590.85235596
2601.40043259
2611.96122169
2622.53472328
2633.11868191
2643.71535301
2654.32412148
2664.94580746
2675.57836056
2686.22321606
2696.87934875
2707.54798889
2718.22872639
2728.91971588
2739.62280273
2750.33819199
2761.06506348
2771.80280209
2782.55140781
2793.31170082
2804.08142567
2814.86509323
2825.65798759
2836.46256924
2847.27904320
2858.10576916
2868.94418240
2879.79366779
2890.65320015
2901.52359962
2912.40589142
2923.29823017
2934.20020580
2945.11304855
2956.03696346
2966.97195053
2977.91534424
2988.87124538
2999.83698845
3010.81482887
3021.80230618
3032.79962540
3043.80699158
3054.82460976
3065.85268497
3076.88998699
3087.93713093
3098.99391174
3110.06135464
3121.13761425
3132.22371578
3143.32088947
3154.42728996
3165.54271221
3176.66695118
3187.80185223
3198.94618511
3210.10118008
3221.26335144
3232.43495464
3243.61742496
3254.80850697
3266.00840569
3277.21671104
3288.43629360
3299.66448784
3310.90354919
3322.15060711
3333.40750694
3344.67281342
3355.94529629
3367.22700596
3378.51650715
3389.81646538
3401.12626553
3412.44385719
3423.77067566
3435.10426044
3446.44481659
3457.79500961
3469.15422440
3480.52205086
3491.89848900
3503.28394890
3514.67761040
3526.07947350
3537.48994827
3548.90739441
3560.33386230
3571.76935196
3583.21222305
3594.66452599
3606.12462044
3617.59168625
3629.06654358
3640.54960251
3652.04127312
3663.53950500
3675.04757881
3686.56385422
3698.08505058
3709.61567879
3721.15409851
3732.69907951
3744.25267220
3755.81405640
3767.38077164
3778.95568848
3790.53798676
3802.12889671
3813.72554779
3825.33163071
3836.94427490
3848.56266022
3860.18924713
3871.82444572
3883.46538544
3895.11329651
3906.76899910
3918.43208313
3930.10090828
3941.77752495
3953.46234322
3965.15290260
3976.84920311
3988.55534554
4000.26599884
4011.98280334
4023.70657921
4035.43773651
4047.17381477
4058.91768456
4070.66893578
4082.42592812
4094.18907166
4105.96041679
4117.73627281
4129.51828003
4141.30971909
4153.10525894
4164.90900040
4176.71889305
4188.53411674
4200.35467148
4212.18301773
4224.01751518
4235.85693359
4247.70414352
4259.55545425
4271.41168594
4283.27652931
4295.14629364
4307.02302933
4318.90550613
4330.79413414
4342.68604279
4354.58574295
4366.49159431
4378.40359688
4390.32052040
4402.24400520
4414.17241096
4426.10655785
4438.04562569
4449.99002457
4461.93975449
4473.89317513
4485.85315704
4497.82052040
4509.79239464
4521.76877975
4533.74926567
4545.73549271
4557.73074150
4569.73173141
4581.73477173
4593.74314308
4605.75725555
4617.77628899
4629.80024338
4641.82952881
4653.86496544
4665.90491295
4677.94978142
4689.99916077
4702.05510139
4714.11596298
4726.17969513
4738.24998856
4750.32479286
4762.40615845
4774.49080467
4786.57996178
4798.67157936
4810.77221870
4822.87531853
4834.98538971
4847.09669113
4859.21455383
4871.33610725
4883.46176147
4895.59110641
4907.72742271
4919.86701965
4932.01317787
4944.16015625
4956.31533623
4968.47215652
4980.63553810
4992.80220032
5004.97255325
5017.14618683
5029.32474136
5041.50739670
5053.69497299
5065.88541985
5078.08078766
5090.28148651
5102.48546600
5114.69436646
5126.90736771
5139.12446976
5151.34649277
5163.57302666
5175.80284119
5188.03429604
5200.27067184
5212.50868797
5224.75285530
5237.00071335
5249.25021172
5261.50668144
5273.76602173
5286.02782249
5298.29700470
5310.56618690
5322.84070015
5335.11808395
5347.39874840
5359.68269348
5371.96991920
5384.26247597
5396.55872345
5408.85743141
5421.16106033
5433.46509933
5445.77569962
5458.08999062
5470.40551186
5482.72349358
5495.04598618
5507.36888885
5519.69876289
5532.03027725
5544.36425209
5556.70478821
5569.04819489
5581.39201164
5593.73828888
5606.08743668
5618.43904495
5630.79475403
5643.15456390
5655.51847458
5667.88402557
5680.25367737
5692.62496948
5705.00036240
5717.37739563
5729.75770950
5742.14048386
5754.52612877
5766.91751480
5779.30890083
5791.70315742
5804.10315514
5816.50315285
5828.90438080
5841.31052971
5853.71872902
5866.13020897
5878.54537964
5890.96383095
5903.38146210
5915.80360413
5928.22779655
5940.65403938
5953.08479309
5965.51513672
5977.94999123
5990.38853645
6002.82626152
6015.26685715
6027.71155357
6040.15953064
6052.60709763
6065.05999565
6077.51494408
6089.97522354
6102.43386269
6114.89537239
6127.36180305
6139.83028412
6152.29999542
6164.77134705
6177.24351883
6189.72061157
6202.19729424
6214.67807770
6227.16050148
6239.64538574
6252.12944984
6264.61761475
6277.10700989
6289.60132599
6302.09359169
6314.58749771
6327.08427429
6339.58515167
6352.08643913
6364.59018707
6377.09680557
6389.60465431
6402.11496353
6414.63060379
6427.14501381
6439.65860367
6452.17465401
6464.68988419
6477.20880508
6489.73100662
6502.25279808
6514.77828026
6527.30663300
6539.83662605
6552.36620903
6564.90153313
6577.43685722
6589.97136116
6602.50955582
6615.05226135
6627.59291649
6640.13562202
6652.67750740
6665.22349358
6677.77029991
6690.31751633
6702.86678314
6715.41810036
6727.97105789
6740.52401543
6753.08189392
6765.64182281
6778.19765091
6790.75798988
6803.31873894
6815.87989807
6828.43859673
6841.00139618
6853.56706619
6866.13396645
6878.70086670
