9.21079059
9.31275530
9.46849689
9.64404073
9.82604971
10.01069241
10.19644766
10.38256893
10.56861682
10.75433402
10.93953843
11.12408690
11.30788703
11.49086905
11.67297587
11.85417128
12.03442264
12.21371999
12.39204793
12.56941552
12.74581008
12.92125335
13.09575167
13.26931500
13.44197145
13.61372733
13.78460894
13.95463891
14.12382722
14.29221010
14.45980477
14.62662482
14.79269743
14.95803981
15.12267823
15.28663263
15.44991207
15.61253557
15.77452850
15.93591442
16.09669695
16.25689602
16.41652613
16.57558908
16.73411570
16.89211502
17.04958344
17.20655899
17.36303988
17.51903515
17.67454844
17.82959604
17.98419247
18.13832502
18.29203176
18.44529276
18.59812613
18.75054092
18.90252991
19.05411663
19.20530291
19.35607967
19.50646505
19.65646992
19.80607071
19.95530005
20.10414886
20.25261173
20.40070677
20.54842854
20.69578972
20.84278851
20.98942490
21.13570070
21.28161411
21.42717419
21.57238817
21.71724339
21.86175613
22.00591917
22.14973974
22.29321241
22.43634987
22.57913580
22.72158289
22.86369295
23.00546598
23.14689655
23.28800459
23.42876835
23.56919327
23.70928478
23.84905376
23.98849659
24.12759695
24.26636028
24.40481377
24.54293203
24.68071690
24.81818104
24.95531721
25.09212904
25.22862377
25.36478148
25.50061846
25.63613834
25.77133207
25.90619965
26.04075556
26.17497807
26.30889072
26.44248085
26.57576475
26.70873699
26.84136314
26.97369213
27.10570221
27.23738432
27.36876745
27.49982805
27.63058605
27.76103058
27.89115257
28.02097015
28.15047607
28.27967396
28.40856562
28.53714743
28.66543026
28.79337244
28.92102652
29.04837437
29.17542686
29.30215864
29.42861137
29.55476151
29.68059454
29.80613041
29.93134737
30.05627260
30.18089161
30.30522251
30.42924900
30.55298195
30.67642136
30.79955997
30.92240143
31.04494209
31.16717834
31.28914280
31.41081734
31.53218746
31.65327492
31.77405796
31.89457283
32.01477242
32.13471107
32.25434895
32.37368965
32.49276218
32.61154480
32.73003387
32.84824028
32.96617126
33.08381233
33.20117435
33.31824646
33.43506851
33.55159702
33.66784286
33.78383141
33.89952641
34.01494961
34.13010101
34.24496250
34.35955944
34.47389545
34.58793068
34.70172672
34.81522923
34.92846718
35.04145145
35.15416393
35.26661186
35.37878437
35.49069595
35.60236111
35.71375809
35.82487240
35.93571491
36.04632187
36.15667152
36.26675663
36.37658081
36.48614407
36.59548264
36.70454216
36.81334438
36.92190742
37.03020954
37.13825798
37.24604912
37.35358295
37.46087761
37.56791859
37.67470589
37.78125763
37.88756294
37.99359646
38.09941616
38.20496769
38.31028004
38.41536407
38.52021255
38.62481461
38.72915936
38.83327217
38.93714581
39.04079838
39.14421539
39.24740047
39.35033188
39.45304222
39.55550613
39.65775986
39.75977802
39.86157513
39.96311493
40.06444092
40.16552773
40.26637173
40.36701279
40.46741829
40.56759186
40.66754436
40.76726494
40.86677895
40.96606464
41.06511841
41.16395111
41.26255913
41.36093521
41.45910473
41.55704956
41.65477695
41.75230865
41.84960480
41.94670162
42.04355564
42.14022121
42.23666935
42.33290367
42.42891693
42.52474899
42.62033463
42.71573906
42.81094418
42.90593185
43.00070934
43.09529839
43.18966637
43.28383141
43.37781525
43.47156353
43.56512699
43.65847664
43.75161610
43.84455986
43.93730793
44.02986031
44.12220974
44.21438160
44.30634689
44.39809475
44.48966503
44.58102875
44.67223301
44.76320534
44.85398560
44.94457378
45.03498440
45.12519569
45.21519680
45.30503483
45.39468441
45.48414917
45.57341824
45.66249886
45.75140915
45.84012012
45.92866802
46.01699848
46.10515499
46.19312668
46.28091717
46.36855545
46.45598717
46.54325943
46.63033962
46.71721687
46.80393829
46.89047127
46.97681217
47.06300812
47.14901924
47.23482018
47.32049065
47.40595818
47.49125900
47.57638588
47.66134968
47.74614677
47.83074818
47.91520462
47.99947624
48.08358841
48.16755199
48.25133801
48.33494644
48.41839180
48.50167770
48.58478241
48.66774216
48.75051708
48.83313255
48.91559219
48.99790325
49.08001499
49.16197453
49.24375648
49.32541523
49.40690365
49.48821449
49.56938400
49.65036869
49.73122292
49.81192131
49.89245300
49.97282887
50.05304527
50.13311672
50.21302147
50.29277039
50.37237072
50.45181160
50.53112202
50.61025124
50.68923912
50.76807480
50.84678001
50.92531853
51.00370121
51.08195705
51.16004620
51.23796864
51.31574974
51.39340038
51.47090607
51.54825592
51.62547169
51.70255699
51.77947922
51.85626736
51.93290691
52.00939064
52.08575115
52.16195946
52.23801556
52.31391582
52.38969288
52.46532497
52.54080486
52.61618328
52.69136600
52.76648350
52.84139805
52.91622200
52.99089737
53.06544228
53.13986759
53.21412621
53.28826160
53.36227741
53.43611927
53.50984516
53.58343697
53.65689468
53.73021832
53.80340424
53.87646694
53.94938469
54.02218647
54.09483604
54.16734791
54.23975830
54.31204548
54.38419495
54.45620308
54.52810974
54.59986420
54.67150269
54.74300346
54.81435204
54.88563175
54.95673752
55.02775269
55.09861927
55.16937714
55.24000092
55.31050510
55.38089695
55.45116558
55.52129650
55.59128971
55.66118507
55.73093185
55.80056629
55.87009563
55.93951263
56.00878468
56.07796612
56.14699898
56.21590500
56.28472767
56.35341263
56.42198524
56.49043827
56.55880070
56.62702179
56.69511604
56.76310520
56.83097115
56.89873199
56.96638412
57.03394928
57.10135136
57.16865559
57.23585110
57.30292339
57.36991234
57.43678169
57.50350609
57.57016525
57.63671207
57.70316105
57.76947594
57.83568211
57.90178680
57.96775742
58.03362293
58.09940510
58.16505318
58.23058891
58.29602680
58.36134148
58.42654743
58.49164829
58.55667667
58.62157097
58.68637466
58.75108051
58.81563053
58.88012981
58.94452038
59.00878773
59.07296810
59.13703613
59.20101719
59.26491127
59.32864590
59.39230804
59.45587234
59.51934242
59.58270741
59.64598179
59.70912209
59.77218266
59.83514900
59.89799938
59.96077728
60.02343559
60.08601418
60.14848042
60.21085243
60.27311935
60.33525944
60.39735966
60.45933304
60.52120132
60.58296452
60.64466972
60.70622997
60.76771049
60.82908592
60.89040337
60.95161209
61.01271935
61.07373962
61.13467293
61.19550476
61.25624237
61.31687126
61.37742043
61.43788261
61.49823608
61.55850983
61.61866760
61.67876015
61.73873672
61.79864807
61.85847244
61.91819534
61.97780228
62.03732224
62.09676971
62.15613747
62.21538925
62.27457581
62.33364639
62.39265175
62.45154114
62.51037254
62.56911697
62.62778168
62.68634491
62.74481392
62.80319595
62.86152000
62.91972809
62.97787819
63.03594131
63.09389572
63.15177040
63.20957260
63.26728783
63.32490883
63.38245735
63.43989716
63.49726448
63.55456657
63.61176720
63.66886635
63.72589302
63.78284721
63.83971443
63.89651642
63.95323143
64.00988846
64.06640053
64.12286911
64.17925797
64.23558159
64.29178925
64.34794617
64.40402336
64.45999184
64.51587334
64.57168236
64.62741890
64.68310471
64.73866005
64.79420090
64.84963303
64.90501442
64.96028709
65.01547279
65.07060776
65.12561951
65.18060951
65.23549805
65.29032135
65.34503593
65.39968529
65.45424767
65.50875206
65.56316223
65.61750717
65.67179413
65.72600136
65.78013611
65.83419113
65.88818092
65.94206200
65.99587059
66.04964294
66.10330658
66.15694122
66.21048164
66.26391335
66.31729431
66.37063179
66.42386055
66.47703857
66.53010063
66.58316269
66.63611603
66.68900414
66.74182701
66.79457016
66.84721184
66.89978104
66.95230675
67.00476723
67.05712624
67.10943451
67.16166306
67.21382637
67.26591721
67.31797180
67.36993942
67.42182732
67.47362823
67.52540741
67.57707787
67.62870483
67.68023758
67.73171234
67.78312187
67.83448067
67.88574524
67.93697357
67.98813667
68.03923454
68.09023819
68.14118385
68.19206429
68.24286499
68.29362221
68.34430695
68.39494095
68.44548073
68.49597702
68.54640083
68.59676666
68.64703827
68.69724464
68.74737854
68.79751244
68.84753761
68.89751930
68.94745026
68.99728699
69.04705124
69.09675751
69.14639854
69.19599609
69.24552116
69.29496651
69.34436111
69.39366150
69.44295464
69.49217529
69.54135246
69.59046440
69.63951836
69.68851433
69.73742332
69.78625259
69.83508186
69.88380966
69.93247223
69.98108406
70.02963791
70.07814102
70.12652817
70.17491531
70.22320824
70.27145042
70.31962738
70.36772461
70.41583633
70.46383209
70.51182785
70.55975113
70.60758018
70.65537300
70.70311508
70.75077019
70.79835281
70.84592094
70.89340935
70.94086876
70.98824844
71.03555565
71.08284111
71.13006859
71.17716560
71.22428436
71.27132339
71.31828995
71.36521301
71.41210709
71.45892143
71.50569229
71.55239792
71.59903831
71.64562798
71.69216690
71.73864059
71.78507080
71.83142128
71.87774277
71.92402077
71.97022629
72.01641006
72.06250687
72.10855293
72.15451202
72.20046387
72.24633598
72.29213562
72.33789902
72.38361168
72.42924461
72.47487030
72.52040176
72.56590424
72.61133423
72.65672798
72.70206375
72.74735603
2.55495129
2.58445015
2.62442551
2.67139549
2.72167416
2.77411079
2.82824059
2.88383560
2.94076080
2.99892654
3.05826817
3.11872883
3.18026295
3.24282608
3.30637817
3.37087898
3.43629494
3.50258865
3.56972542
3.63767357
3.70639954
3.77587357
3.84606857
3.91695137
3.98849411
4.06067429
4.13346367
4.20683937
4.28077621
4.35525513
4.43024902
4.50574188
4.58171616
4.65814781
4.73502502
4.81232719
4.89003754
4.96814384
5.04662933
5.12548141
5.20468864
5.28423309
5.36410599
5.44429817
5.52479515
5.60558891
5.68666840
5.76802521
5.84964714
5.93153076
6.01366196
6.09603615
6.17864342
6.26148148
6.34453773
6.42780762
6.51128616
6.59496460
6.67883682
6.76290359
6.84714737
6.93157425
7.01617126
7.10093765
7.18586731
7.27095566
7.35619659
7.44158630
7.52712326
7.61279984
7.69861374
7.78455811
7.87063065
7.95683289
8.04315262
8.12958832
8.21613770
8.30280075
8.38956985
8.47644043
8.56341400
8.65048523
8.73765030
8.82490387
8.91224899
8.99967880
9.08719330
9.17477951
9.26244659
9.35019302
9.43800888
9.52589340
9.61384354
9.70185394
9.78992767
9.87805710
9.96624832
10.05448685
10.14277649
10.23111954
10.31950455
10.40793686
10.49641266
10.58492584
10.67348022
10.76206741
10.85068817
10.93934097
11.02801666
11.11672516
11.20546494
11.29422150
11.38300018
11.47179794
11.56060944
11.64944534
11.73828659
11.82714996
11.91601334
12.00489044
12.09377365
12.18266220
12.27155609
12.36045837
12.44935837
12.53824997
12.62714081
12.71602325
12.80489960
12.89377747
12.98263855
13.07149353
13.16033325
13.24916382
13.33797607
13.42677917
13.51556091
13.60431824
13.69305878
13.78178101
13.87047882
13.95914612
14.04778900
14.13641205
14.22500763
14.31356964
14.40210571
14.49060974
14.57908020
14.66750336
14.75591125
14.84427643
14.93261108
15.02090302
15.10915222
15.19737244
15.28553925
15.37366638
15.46175232
15.54978790
15.63778076
15.72573242
15.81364136
15.90150146
15.98931427
16.07707825
16.16478424
16.25243835
16.34004364
16.42759857
16.51510162
16.60253754
16.68992767
16.77726135
16.86454163
16.95176544
17.03892822
17.12602997
17.21307373
17.30006104
17.38698883
17.47384186
17.56064453
17.64737701
17.73404846
17.82065430
17.90720215
17.99367371
18.08008881
18.16643524
18.25271912
18.33892975
18.42507172
18.51114502
18.59715271
18.68308411
18.76894379
18.85473175
18.94046173
19.02610779
19.11168365
19.19718781
19.28262177
19.36798553
19.45326691
19.53848114
19.62360840
19.70867004
19.79365997
19.87856140
19.96339569
20.04814148
20.13281860
20.21741943
20.30193634
20.38638153
20.47074890
20.55503387
20.63924103
20.72336426
20.80741272
20.89138184
20.97525940
21.05906067
21.14278412
21.22642212
21.30997925
21.39345398
21.47684937
21.56015778
21.64338837
21.72654114
21.80960388
21.89258270
21.97548981
22.05829926
22.14103394
22.22368622
22.30625458
22.38873596
22.47112732
22.55342712
22.63565063
22.71778107
22.79983368
22.88180542
22.96367950
23.04546967
23.12717590
23.20879211
23.29032440
23.37177429
23.45313721
23.53440857
23.61560059
23.69669800
23.77770844
23.85863190
23.93946381
24.02022247
24.10086975
24.18144836
24.26192474
24.34232025
24.42262726
24.50284119
24.58297272
24.66301270
24.74296417
24.82283783
24.90261688
24.98231049
25.06191254
25.14141541
25.22084198
25.30018158
25.37942810
25.45858612
25.53764954
25.61664429
25.69553528
25.77434692
25.85306396
25.93169556
26.01022949
26.08867493
26.16703491
26.24530640
26.32348328
26.40157776
26.47957458
26.55748901
26.63530579
26.71304321
26.79070129
26.86826782
26.94573669
27.02311096
27.10039673
27.17759399
27.25471191
27.33173523
27.40866089
27.48549805
27.56224365
27.63890991
27.71548767
27.79197388
27.86836243
27.94467163
28.02090149
28.09702759
28.17308044
28.24905090
28.32492371
28.40071411
28.47641296
28.55202942
28.62755432
28.70299072
28.77834473
28.85360718
28.92877808
29.00386353
29.07887268
29.15378113
29.22859802
29.30333862
29.37798462
29.45254211
29.52702637
29.60140686
29.67569580
29.74990234
29.82401123
29.89805908
29.97200623
30.04586182
30.11962891
30.19331055
30.26690369
30.34041138
30.41383972
30.48718872
30.56043701
30.63360901
30.70669861
30.77968750
30.85259094
30.92542419
30.99817200
31.07081604
31.14338684
31.21586914
31.28827209
31.36058655
31.43280334
31.50493774
31.57700500
31.64896545
31.72084961
31.79264221
31.86434326
31.93597412
32.00750732
32.07896423
32.15035095
32.22165222
32.29285889
32.36398621
32.43501892
32.50598145
32.57685852
32.64765930
32.71836853
32.78899841
32.85953064
32.92999573
33.00038147
33.07068481
33.14089966
33.21103516
33.28108521
33.35107422
33.42096252
33.49076233
33.56048279
33.63012695
33.69968262
33.76915894
33.83855896
33.90789185
33.97711487
34.04627380
34.11533508
34.18433228
34.25322571
34.32205200
34.39079285
34.45945129
34.52803345
34.59652405
34.66494751
34.73327942
34.80156250
34.86974182
34.93784790
35.00586548
35.07380981
35.14169617
35.20947266
35.27718506
35.34480591
35.41237488
35.47984314
35.54723816
35.61454163
35.68179016
35.74895325
35.81603088
35.88304138
35.94996948
36.01683655
36.08363037
36.15032654
36.21695557
36.28351135
36.34998474
36.41638184
36.48269653
36.54893799
36.61510925
36.68119507
36.74720764
36.81314392
36.87901611
36.94479065
37.01051331
37.07614441
37.14170837
37.20718689
37.27261658
37.33795776
37.40321045
37.46840515
37.53352051
37.59857788
37.66353455
37.72843628
37.79325256
37.85798950
37.92265015
37.98725586
38.05177307
38.11623535
38.18060303
38.24490967
38.30914307
38.37328796
38.43739014
38.50140991
38.56535339
38.62923279
38.69302063
38.75673523
38.82040710
38.88397827
38.94749146
39.01092529
39.07429199
39.13758850
39.20080566
39.26396484
39.32705078
39.39005432
39.45299072
39.51586914
39.57866211
39.64140015
39.70405579
39.76666260
39.82917480
39.89163513
39.95401917
40.01632996
40.07856445
40.14073792
40.20283508
40.26487122
40.32684631
40.38874207
40.45057678
40.51233826
40.57404785
40.63566895
40.69722900
40.75873108
40.82014465
40.88150635
40.94277649
41.00399780
41.06514893
41.12622986
41.18724670
41.24820251
41.30907898
41.36987915
41.43063049
41.49131470
41.55192871
41.61248779
41.67296143
41.73338928
41.79375305
41.85401611
41.91422729
41.97438049
42.03447266
42.09450684
42.15445251
42.21434021
42.27417908
42.33392944
42.39361267
42.45324097
42.51280518
42.57229309
42.63175354
42.69111938
42.75042419
42.80968933
42.86886597
42.92799988
42.98703613
43.04600525
43.10493469
43.16379700
43.22259827
43.28133850
43.34001160
43.39861145
43.45715637
43.51563721
43.57406616
43.63243713
43.69074402
43.74899292
43.80717773
43.86529236
43.92333984
43.98135071
44.03926086
44.09713745
44.15494995
44.21271362
44.27038574
44.32801514
44.38557434
44.44308472
44.50052490
44.55791931
44.61523438
44.67250061
44.72970886
44.78684998
44.84394226
44.90096741
44.95794983
45.01484680
45.07170410
45.12849426
45.18523254
45.24188843
45.29849854
45.35505981
45.41153564
45.46796265
45.52434082
45.58064575
45.63691101
45.69312134
45.74926758
45.80539246
45.86142578
45.91740723
45.97330627
46.02919312
46.08499756
46.14075623
46.19645386
46.25209351
46.30769653
46.36322021
46.41868591
46.47410278
46.52945862
46.58475037
46.63998108
46.69517517
46.75030212
46.80537109
46.86038208
46.91534424
46.97025146
47.02511292
47.07990417
47.13466187
47.18934021
47.24397583
47.29854126
47.35305786
47.40750732
47.46191406
47.51627197
47.57055969
47.62480469
47.67897034
47.73309937
47.78717651
47.84119873
47.89517212
47.94910278
48.00296326
48.05681458
48.11057129
48.16426697
48.21794128
48.27154236
48.32507629
48.37858276
48.43202820
48.48539124
48.53874207
48.59202881
48.64527893
48.69845276
48.75160828
48.80469360
48.85773315
48.91072998
48.96363831
49.01652527
49.06933594
49.12209778
49.17481079
49.22749023
49.28009949
49.33268738
49.38520813
49.43767090
49.49009094
49.54244690
49.59474792
49.64701233
49.69920959
49.75135193
49.80343323
49.85551147
49.90752258
49.95948181
50.01138611
50.06324463
50.11503601
50.16678467
50.21847839
50.27015076
50.32176208
50.37333679
50.42484131
50.47633362
50.52774048
50.57910767
50.63042908
50.68168030
50.73291626
50.78410950
50.83520813
50.88627930
50.93731384
50.98832703
51.03924255
51.09011536
51.14093628
51.19170532
51.24243164
51.29313354
51.34375610
51.39434204
51.44487305
51.49535522
51.54581299
51.59622192
51.64656372
51.69689941
51.74717407
51.79738770
51.84754639
51.89767456
51.94774170
51.99777222
52.04774170
52.09768677
52.14756470
52.19741821
52.24721680
52.29698486
52.34669800
52.39636230
52.44598999
52.49556885
52.54512329
52.59462280
52.64407349
52.69348145
52.74282837
52.79214478
52.84139404
52.89061279
52.93976440
52.98888550
53.03796997
0.98762282
0.99414409
1.00553302
1.01934348
1.03451799
1.05063734
1.06750427
1.08501836
1.10312278
1.12178614
1.14098951
1.16072404
1.18098637
1.20177521
1.22309336
1.24494466
1.26733409
1.29026876
1.31375459
1.33779936
1.36240970
1.38759339
1.41335882
1.43971283
1.46666309
1.49421705
1.52238214
1.55116522
1.58057245
1.61061115
1.64128714
1.67260610
1.70457374
1.73719541
1.77047585
1.80442020
1.83903193
1.87431582
1.91027523
1.94691412
1.98423480
2.02224031
2.06093320
2.10031509
2.14038901
2.18115565
2.22261735
2.26477525
2.30762960
2.35118063
2.39542973
2.44037737
2.48602331
2.53236709
2.57940847
2.62714816
2.67558476
2.72471711
2.77454451
2.82506533
2.87627910
2.92818421
2.98077879
3.03406191
3.08803031
3.14268494
3.19802229
3.25404121
3.31073611
3.36810887
3.42615552
3.48487374
3.54426261
3.60431653
3.66503506
3.72641632
3.78845707
3.85115195
3.91450213
3.97850296
4.04315329
4.10844473
4.17438101
4.24095654
4.30816855
4.37601285
4.44448664
4.51358900
4.58331621
4.65366175
4.72462564
4.79620321
4.86839494
4.94119524
5.01459993
5.08860530
5.16320994
5.23840967
5.31420264
5.39058419
5.46755201
5.54510189
5.62323153
5.70193813
5.78121704
5.86106361
5.94147599
6.02245184
6.10398839
6.18608097
6.26872773
6.35192310
6.43566474
6.51994987
6.60477337
6.69013292
6.77602991
6.86245505
6.94940554
7.03688278
7.12487887
7.21339381
7.30242434
7.39196209
7.48201032
7.57256252
7.66361357
7.75516115
7.84720759
7.93974545
8.03277519
8.12628658
8.22028148
8.31475339
8.40970230
8.50512171
8.60101347
8.69737201
8.79419639
8.89147825
8.98921852
9.08741255
9.18606033
9.28515723
9.38470044
9.48468161
9.58510444
9.68596430
9.78725467
9.88897648
9.99112601
10.09369862
10.19669058
10.30010190
10.40393164
10.50817051
10.61282501
10.71788027
10.82334280
10.92920237
11.03546362
11.14212377
11.24916422
11.35660450
11.46442974
11.57263899
11.68123412
11.79020119
11.89955134
12.00926600
12.11935723
12.22980924
12.34062667
12.45181231
12.56335967
12.67526035
12.78751531
12.90012081
13.01307592
13.12637973
13.24002850
13.35401945
13.46834979
13.58301487
13.69801469
13.81334367
13.92899716
14.04497795
14.16128232
14.27790656
14.39484973
14.51211090
14.62968636
14.74757051
14.86576431
14.98426402
15.10307708
15.22217932
15.34158096
15.46128109
15.58128247
15.70156002
15.82213511
15.94299660
16.06414075
16.18557687
16.30728264
16.42927666
16.55154219
16.67408295
16.79689150
16.91996970
17.04331756
17.16693320
17.29081106
17.41494184
17.53932738
17.66398072
17.78887954
17.91403685
18.03944335
18.16509161
18.29098349
18.41712642
18.54351668
18.67013383
18.79700017
18.92409525
19.05141535
19.17897348
19.30676036
19.43476481
19.56300731
19.69147668
19.82016363
19.94907374
20.07819772
20.20755043
20.33710399
20.46686769
20.59684525
20.72702737
20.85741220
20.98800159
21.11880298
21.24979405
21.38099155
21.51238990
21.64397793
21.77575936
21.90774536
22.03991175
22.17227526
22.30482473
22.43754902
22.57045741
22.70355921
22.83682837
22.97028165
23.10390229
23.23770146
23.37167916
23.50581865
23.64013295
23.77461462
23.90926366
24.04407449
24.17906199
24.31421499
24.44952607
24.58498778
24.72060385
24.85639472
24.99233809
25.12842093
25.26465998
25.40105524
25.53758812
25.67428279
25.81112251
25.94809799
26.08519807
26.22244320
26.35983524
26.49736118
26.63503218
26.77282405
26.91075912
27.04882622
27.18702908
27.32535281
27.46381044
27.60240569
27.74112368
27.87995324
28.01891298
28.15799918
28.29720626
28.43650818
28.57595143
28.71550441
28.85517826
28.99496183
29.13486071
29.27485628
29.41496902
29.55520821
29.69554410
29.83598413
29.97653389
30.11719151
30.25794024
30.39880428
30.53977804
30.68084106
30.82199893
30.96324978
31.10459361
31.24603043
31.38756580
31.52918673
31.67092295
31.81275587
31.95466690
32.09666348
32.23876047
32.38092442
32.52318878
32.66550894
32.80792208
32.95042448
33.09301987
33.23568964
33.37843008
33.52126350
33.66416388
33.80713863
33.95020266
34.09331131
34.23650179
34.37977037
34.52309847
34.66653070
34.81000757
34.95355883
35.09717703
35.24084730
35.38458824
35.52841101
35.67229328
35.81622763
35.96023636
36.10432320
36.24844351
36.39263449
36.53686638
36.68116150
36.82551985
36.96991539
37.11438904
37.25890732
37.40349255
37.54811497
37.69280806
37.83753090
37.98231697
38.12712536
38.27200441
38.41692810
38.56188898
38.70690937
38.85197067
38.99708776
39.14223833
39.28742981
39.43266220
39.57792435
39.72323856
39.86860857
40.01401205
40.15944901
40.30491571
40.45044193
40.59600163
40.74156876
40.88718424
41.03283691
41.17847843
41.32418318
41.46991024
41.61566706
41.76147594
41.90731087
42.05316439
42.19904394
42.34496441
42.49091463
42.63687973
42.78287086
42.92888060
43.07494612
43.22101908
43.36710320
43.51321707
43.65935326
43.80550432
43.95168142
44.09787712
44.24410257
44.39034662
44.53660183
44.68288679
44.82917919
44.97549391
45.12181978
45.26816053
45.41450129
45.56085691
45.70724230
45.85364628
46.00003910
46.14645424
46.29285450
46.43927708
46.58570709
46.73213711
46.87859316
47.02505293
47.17150526
47.31800966
47.46449919
47.61099615
47.75751171
47.90403471
48.05054655
48.19706583
48.34358511
48.49013042
48.63666458
48.78320618
48.92973289
49.07624846
49.22279377
49.36934652
49.51589928
49.66244087
49.80900106
49.95555754
50.10208797
50.24861841
50.39515629
50.54166441
50.68819857
50.83474388
50.98127804
51.12778244
51.27429800
51.42081356
51.56731796
51.71381121
51.86032305
52.00679770
52.15329094
52.29977674
52.44625511
52.59270372
52.73914490
52.88557119
53.03199377
53.17843122
53.32484264
53.47125034
53.61765060
53.76404343
53.91043997
54.05680304
54.20316238
54.34951057
54.49584761
54.64217348
54.78847704
54.93475828
55.08101349
55.22727242
55.37349415
55.51970472
55.66588554
55.81204777
55.95820255
56.10435734
56.25046749
56.39658508
56.54265432
56.68871241
56.83476305
56.98080254
57.12682343
57.27278852
57.41875734
57.56468897
57.71060944
57.85652990
58.00239830
58.14827414
58.29409418
58.43989935
58.58569708
58.73146133
58.87719212
59.02293034
59.16862764
59.31431751
59.45998878
59.60563774
59.75124950
59.89685011
60.04243212
60.18794346
60.33343248
60.47896242
60.62442541
60.76986237
60.91528816
61.06068792
61.20605421
61.35140190
61.49671612
61.64195223
61.78720694
61.93238354
62.07757130
62.22267723
62.36777945
62.51284447
62.65786114
62.80290756
62.94789448
63.09285164
63.23777161
63.38267670
63.52752228
63.67234554
63.81716881
63.96194744
64.10669632
64.25140800
64.39608994
64.54073467
64.68534222
64.82993488
64.97449780
65.11901608
65.26346741
65.40791130
65.55231056
65.69670238
65.84102726
65.98532982
66.12958775
66.27380848
66.41799202
66.56216812
66.70628471
66.85037155
66.99445095
67.13844852
67.28243866
67.42639160
67.57029991
67.71417847
67.85800495
68.00179424
68.14554634
68.28931332
68.43299847
68.57667618
68.72027206
68.86383820
69.00737457
69.15085888
69.29430599
69.43772335
69.58108864
69.72440186
69.86772251
70.01096878
70.15417042
70.29733486
70.44043980
70.58352985
70.72661991
70.86963558
71.01261406
71.15557766
71.29847431
71.44136353
71.58418579
71.72696342
71.86969643
72.01239967
72.15505829
72.29764996
72.44016724
72.58270683
72.72516460
72.86757030
73.00993137
73.15229244
73.29456425
73.43681374
73.57904091
73.72119370
73.86331673
74.00540257
74.14744377
74.28946266
74.43145180
74.57336655
74.71525898
74.85712166
74.99886532
75.14063873
75.28237495
75.42399960
75.56560936
75.70714474
75.84865780
75.99011135
76.13156490
76.27293663
76.41427860
76.55556107
76.69679146
76.83797722
76.97912579
77.12016277
77.26116257
77.40215492
77.54312496
77.68405037
77.82488651
77.96572266
78.10647697
78.24714947
78.38785172
78.52846470
78.66906281
78.80960140
78.95008049
79.09052238
79.23091221
79.37131691
79.51166954
79.65191059
79.79213676
79.93232574
80.07249241
80.21259212
80.35262489
80.49265022
80.63256397
80.77244797
80.91227245
81.05204487
81.19177265
81.33144093
81.47107944
81.61067333
81.75025234
81.88971233
82.02916489
82.16855049
82.30786915
82.44716549
82.58640976
82.72562428
82.86477184
83.00385246
83.14291077
83.28190956
83.42085629
83.55975838
83.69865303
83.83742123
83.97619686
84.11495018
84.25363655
84.39225597
84.53085308
84.66936836
84.80785389
84.94625015
85.08466873
85.22296829
85.36123066
85.49946327
85.63765869
85.77579460
85.91384869
86.05185070
86.18983784
86.32775059
86.46562614
86.60341244
86.74122105
86.87893295
87.01660767
87.15420055
87.29172649
87.42923756
87.56666679
87.70411835
87.84147320
87.97874622
88.11600437
88.25326252
88.39041653
88.52751102
88.66458321
88.80159588
88.93859367
0.32006747
0.32259609
0.32542730
0.32868513
0.33221402
0.33594199
0.33983046
0.34385720
0.34800882
0.35227687
0.35665547
0.36114143
0.36573292
0.37042926
0.37523023
0.38013618
0.38514801
0.39026709
0.39549484
0.40083324
0.40628391
0.41184908
0.41753144
0.42333297
0.42925657
0.43530438
0.44147959
0.44778478
0.45422360
0.46079819
0.46751205
0.47436852
0.48137063
0.48852206
0.49582598
0.50328581
0.51090566
0.51868849
0.52663842
0.53475919
0.54305474
0.55152870
0.56018518
0.56902815
0.57806196
0.58729049
0.59671789
0.60634834
0.61618639
0.62623629
0.63650239
0.64698916
0.65770082
0.66864192
0.67981737
0.69123131
0.70288838
0.71479361
0.72695102
0.73936561
0.75204205
0.76498526
0.77819966
0.79168992
0.80546138
0.81951846
0.83386599
0.84850873
0.86345126
0.87869909
0.89425564
0.91012748
0.92631804
0.94283266
0.95967650
0.97685366
0.99436946
1.01222817
1.03043527
1.04899487
1.06791212
1.08719130
1.10683764
1.12685589
1.14724984
1.16802464
1.18918520
1.21073588
1.23268134
1.25502650
1.27777522
1.30093142
1.32450151
1.34848842
1.37289659
1.39773093
1.42299579
1.44869502
1.47483321
1.50141461
1.52844399
1.55592446
1.58386077
1.61225702
1.64111747
1.67044573
1.70024556
1.73052238
1.76127782
1.79251829
1.82424574
1.85646541
1.88917896
1.92239228
1.95610864
1.99033068
2.02506281
2.06030881
2.09607179
2.13235553
2.16916214
2.20649737
2.24436221
2.28276221
2.32169969
2.36117727
2.40120001
2.44176875
2.48288840
2.52456044
2.56678912
2.60957691
2.65292774
2.69684407
2.74132770
2.78638208
2.83201015
2.87821651
2.92500114
2.97236767
3.02031773
3.06885689
3.11798549
3.16770515
3.21802211
3.26893505
3.32044694
3.37256235
3.42528161
3.47860539
3.53254089
3.58708549
3.64224443
3.69801936
3.75440994
3.81142110
3.86905447
3.92731234
3.98619473
4.04570490
4.10584319
4.16661385
4.22801590
4.29005590
4.35273090
4.41604385
4.47999704
4.54459310
4.60982874
4.67571086
4.74223912
4.80941582
4.87724194
4.94571814
5.01484638
5.08462864
5.15506425
5.22615749
5.29790768
5.37031418
5.44338387
5.51711315
5.59150463
5.66655964
5.74228144
5.81866348
5.89571363
5.97343189
6.05181891
6.13087535
6.21060055
6.29099584
6.37206644
6.45380646
6.53621852
6.61930919
6.70307124
6.78751254
6.87262785
6.95841914
7.04489100
7.13203752
7.21986657
7.30837160
7.39755785
7.48742336
7.57797074
7.66920000
7.76110786
7.85370219
7.94697577
8.04093188
8.13557315
8.23089170
8.32689607
8.42359018
8.52096486
8.61902338
8.71776444
8.81719327
8.91730332
9.01809919
9.11957693
9.22174835
9.32459706
9.42813355
9.53235388
9.63726264
9.74285525
9.84913039
9.95609069
10.06373745
10.17206413
10.28107923
10.39077818
10.50115967
10.61223024
10.72398400
10.83642817
10.94954568
11.06335032
11.17783093
11.29299474
11.40884304
11.52537715
11.64259183
11.76048315
11.87905633
11.99830747
12.11824179
12.23885667
12.36015344
12.48212552
12.60476899
12.72809827
12.85210288
12.97678542
13.10214722
13.22817910
13.35489154
13.48227406
13.61033452
13.73906505
13.86847091
13.99854553
14.12929678
14.26070237
14.39278591
14.52553427
14.65895796
14.79304647
14.92780113
15.06322849
15.19932199
15.33607376
15.47348905
15.61157048
15.75030494
15.88971734
16.02978408
16.17052352
16.31191468
16.45395756
16.59666920
16.74003124
16.88404763
17.02872229
17.17404342
17.32001889
17.46665788
17.61393940
17.76186478
17.91044712
18.05966544
18.20954728
18.36006904
18.51124251
18.66305590
18.81551182
18.96861160
19.12235785
19.27674925
19.43176746
19.58742166
19.74371052
19.90063930
20.05820799
20.21641004
20.37525594
20.53472471
20.69482684
20.85555053
21.01689970
21.17888224
21.34148896
21.50473297
21.66858673
21.83307123
21.99817336
22.16390491
22.33024096
22.49720645
22.66478825
22.83299685
23.00182176
23.17125511
23.34129167
23.51193404
23.68319273
23.85507035
24.02755904
24.20064569
24.37433815
24.54864430
24.72354579
24.89904785
25.07512951
25.25183797
25.42912865
25.60702777
25.78550911
25.96459889
26.14427876
26.32455659
26.50542188
26.68687987
26.86892009
27.05155826
27.23475766
27.41856027
27.60293984
27.78789902
27.97343779
28.15956664
28.34626460
28.53353691
28.72139144
28.90982556
29.09881043
29.28838539
29.47851372
29.66921902
29.86048555
30.05232644
30.24472594
30.43768406
30.63121390
30.82529974
31.01994419
31.21514201
31.41089845
31.60718989
31.80405045
32.00147486
32.19944739
32.39797330
32.59704208
32.79665899
32.99681354
33.19750309
33.39875388
33.60055017
33.80287623
34.00574517
34.20915699
34.41310120
34.61758828
34.82259727
35.02814651
35.23421764
35.44082117
35.64795184
35.85561490
36.06382346
36.27253819
36.48177481
36.69154906
36.90181375
37.11259770
37.32391930
37.53576803
37.74809408
37.96094990
38.17431712
38.38818789
38.60258055
38.81747675
39.03287387
39.24878502
39.46519446
39.68211007
39.89953184
40.11744404
40.33585191
40.55473971
40.77412844
40.99402332
41.21441650
41.43528700
41.65667415
41.87850714
42.10085154
42.32366538
42.54699063
42.77078271
42.99507570
43.21983552
43.44505954
43.67078710
43.89696836
44.12367678
44.35084152
44.57847309
44.80656624
45.03512096
45.26415825
45.49364662
45.72359133
45.95400810
46.18490219
46.41624212
46.64805412
46.88029623
47.11301041
47.34619141
47.57981825
47.81391191
48.04846716
48.28345776
48.51893091
48.75480795
48.99113607
49.22790480
49.46510887
49.70279551
49.94090700
50.17948008
50.41847801
50.65789557
50.89777994
51.13810492
51.37883902
51.62004519
51.86163425
52.10367441
52.34612894
52.58897161
52.83224964
53.07597351
53.32011175
53.56466436
53.80965757
54.05506516
54.30085039
54.54710245
54.79374790
55.04084444
55.28836060
55.53628063
55.78461504
56.03333759
56.28248501
56.53203630
56.78197575
57.03229809
57.28304529
57.53417540
57.78572512
58.03766823
58.29002047
58.54277658
58.79592085
59.04950047
59.30345249
59.55777693
59.81249475
60.06757975
60.32306862
60.57894564
60.83521080
61.09185362
61.34885311
61.60627222
61.86402702
62.12220144
62.38075352
62.63969898
62.89899588
63.15868092
63.41869640
63.67913151
63.93991280
64.20106125
64.46259785
64.72449636
64.98676205
65.24940014
65.51238966
65.77572536
66.03941774
66.30350351
66.56794596
66.83269787
67.09782743
67.36331367
67.62913036
67.89534044
68.16189146
68.42879391
68.69605303
68.96363735
69.23157310
69.49988651
69.76854086
70.03750992
70.30681992
70.57647085
70.84647322
71.11676931
71.38741684
71.65845251
71.92979765
72.20145750
72.47347927
72.74584723
73.01851416
73.29152727
73.56486559
73.83852911
74.11248636
74.38681602
74.66144991
74.93641949
75.21169853
75.48731327
75.76324797
76.03948689
76.31603527
76.59289837
76.87008667
77.14760017
77.42543364
77.70356083
77.98201847
78.26074886
78.53980446
78.81913805
79.09878635
79.37873888
79.65899038
79.93954086
80.22041130
80.50159121
80.78305435
81.06484795
81.34692478
81.62934256
81.91200686
82.19498062
82.47826910
82.76182508
83.04568005
83.32982874
83.61425018
83.89900732
84.18400574
84.46935558
84.75494146
85.04080534
85.32696295
85.61339855
85.90015411
86.18714571
86.47449398
86.76206255
87.04994059
87.33803368
87.62642050
87.91516924
88.20414352
88.49338531
88.78288937
89.07265568
89.36269474
89.65302753
89.94358063
90.23442745
90.52548409
90.81685543
91.10847855
91.40030098
91.69240665
91.98475361
92.27740479
92.57030773
92.86346245
93.15687943
93.45055866
93.74452114
94.03873539
94.33321190
94.62787724
94.92278385
95.21793175
95.51336288
95.80905628
96.10500145
96.40118790
96.69756317
96.99424267
97.29115295
97.58830452
97.88569736
98.18334198
98.48129082
98.77940750
99.07781792
99.37644863
99.67531013
99.97440243
100.27365208
100.57319546
100.87295914
101.17295361
101.47316837
101.77364540
102.07436371
102.37527084
102.67644024
102.97784042
103.27936649
103.58119678
103.88325787
104.18552876
104.48803043
104.79073143
105.09364223
105.39680481
105.70021915
106.00379086
106.30764580
106.61164761
106.91588020
107.22035408
107.52501678
107.82991028
108.13499260
108.44037914
108.74592304
109.05162430
109.35755634
109.66367722
109.97004986
110.27663231
110.58342457
110.89035320
111.19746017
111.50487137
111.81239796
112.12016582
112.42817497
112.73638344
113.04468632
113.35321999
113.66197395
113.97090626
114.28004837
114.58936882
114.89889908
115.20867062
115.51864147
115.82875919
116.13912868
116.44961357
116.76035023
117.07123375
117.38234806
117.69356728
118.00504875
118.31668758
118.62853622
118.94053173
119.25274754
119.56511021
119.87767220
120.19041252
120.50332069
120.81648064
121.12974548
121.44327259
121.75694656
122.07083035
122.38484001
122.69901752
123.01332092
123.32780266
123.64250469
123.95732212
124.27231789
124.58749199
124.90286541
