77.50755310
78.24949646
79.19094086
80.19115448
81.21260834
82.24002838
83.26666260
84.28923798
85.30612183
86.31637573
87.31948853
88.31533813
89.30369568
90.28456116
91.25801086
92.22403717
93.18278503
94.13431549
95.07876587
96.01623535
96.94683075
97.87074280
98.78807068
99.69883728
100.60330963
101.50160980
102.39375305
103.28001404
104.16044617
105.03521729
105.90443420
106.76818848
107.62665558
108.47994995
109.32814789
110.17144775
111.00995636
111.84370422
112.67285919
113.49752808
114.31779480
115.13376617
115.94554901
116.75325012
117.55689240
118.35656738
119.15245819
119.94458008
120.73301697
121.51787567
122.29914093
123.07701874
123.85145569
124.62255859
125.39042664
126.15510559
126.91663361
127.67510986
128.43049622
129.18298340
129.93246460
130.67912292
131.42291260
132.16400146
132.90229797
133.63792419
134.37091064
135.10125732
135.82897949
136.55413818
137.27691650
137.99717712
138.71504211
139.43043518
140.14350891
140.85423279
141.56259155
142.26873779
142.97262573
143.67425537
144.37373352
145.07096863
145.76608276
146.45903015
147.14990234
147.83869934
148.52540588
149.21009827
149.89268494
150.57333374
151.25199890
151.92863464
152.60333252
153.27613831
153.94702148
154.61601257
155.28305054
155.94825745
156.61161804
157.27317810
157.93292236
158.59088135
159.24700928
159.90133667
160.55389404
161.20472717
161.85379028
162.50120544
163.14689636
163.79075623
164.43301392
165.07359314
165.71250916
166.34976196
166.98530579
167.61929321
168.25163269
168.88235474
169.51152039
170.13896179
170.76483154
171.38920593
172.01200867
172.63328552
173.25297546
173.87113953
174.48777771
175.10290527
175.71650696
176.32861328
176.93927002
177.54844666
178.15614319
178.76234436
179.36714172
179.97041321
180.57223511
181.17268372
181.77162170
182.36924744
182.96542358
183.56018066
184.15354919
184.74543762
185.33599854
185.92524719
186.51306152
187.09945679
187.68455505
188.26831055
188.85066223
189.43176270
190.01152039
190.58987427
191.16697693
191.74272156
192.31706238
192.89015198
193.46195984
194.03248596
194.60176086
195.16978455
195.73645020
196.30189514
196.86601257
197.42897034
197.99061584
198.55102539
199.11019897
199.66806030
200.22479248
200.78018188
201.33448792
201.88745117
202.43928528
202.98995972
203.53938293
204.08760071
204.63462830
205.18060303
205.72537231
206.26876831
206.81124878
207.35237122
207.89227295
208.43109131
208.96881104
209.50529480
210.04060364
210.57496643
211.10804749
211.64012146
212.17102051
212.70071411
213.22943115
213.75691223
214.28330994
214.80851746
215.33280945
215.85583496
216.37788391
216.89869690
217.41859436
217.93740845
218.45495605
218.97155762
219.48715210
220.00161743
220.51495361
221.02732849
221.53862000
222.04884338
222.55801392
223.06611633
223.57315063
224.07917786
224.58421326
225.08816528
225.59103394
226.09303284
226.59393311
227.09400940
227.59294128
228.09082031
228.58779907
229.08369446
229.57862854
230.07257080
230.56547546
231.05743408
231.54841614
232.03837585
232.52731323
233.01521301
233.50228882
233.98837280
234.47357178
234.95771790
235.44081116
235.92309570
236.40437317
236.88479614
237.36416626
237.84271240
238.32028198
238.79684448
239.27265930
239.74731445
240.22117615
240.69404602
241.16606140
241.63708496
242.10729980
242.57649231
243.04481506
243.51223755
243.97874451
244.44429016
244.90913391
245.37295532
245.83583069
246.29786682
246.75903320
247.21931458
247.67872620
248.13731384
248.59500122
249.05175781
249.50762939
249.96261597
250.41677856
250.87010193
251.32250977
251.77410889
252.22485352
252.67481995
253.12377930
253.57197571
254.01930237
254.46583557
254.91151428
255.35629272
255.80018616
256.24325562
256.68563843
257.12710571
257.56771851
258.00759888
258.44659424
258.88497925
259.32241821
259.75918579
260.19494629
260.63021851
261.06439209
261.49780273
261.93048096
262.36236572
262.79345703
263.22375488
263.65322876
264.08187866
264.50985718
264.93707275
265.36343384
265.78909302
266.21380615
266.63787842
267.06118774
267.48376465
267.90563965
268.32656860
268.74679565
269.16622925
269.58480835
270.00259399
270.41986084
270.83618164
271.25186157
271.66680908
272.08090210
272.49441528
272.90698242
273.31903076
273.73031616
274.14077759
274.55056763
274.95959473
275.36782837
275.77536011
276.18228149
276.58837891
276.99383545
277.39843750
277.80252075
278.20578003
278.60833740
279.01019287
279.41134644
279.81170654
280.21154785
280.61041260
281.00878906
281.40631104
281.80334473
282.19955444
282.59503174
282.98980713
283.38397217
283.77752686
284.17025757
284.56246948
284.95397949
285.34475708
285.73486328
286.12426758
286.51312256
286.90121460
287.28887939
287.67553711
288.06167603
288.44717407
288.83187866
289.21606445
289.59951782
289.98245239
290.36456299
290.74603271
291.12689209
291.50717163
291.88687134
292.26577759
292.64416504
293.02188110
293.39898682
293.77526855
294.15112305
294.52621460
294.90078735
295.27450562
295.64779663
296.02017212
296.39221191
296.76351929
297.13418579
297.50430298
297.87377930
298.24279785
298.61108398
298.97860718
299.34552002
299.71191406
300.07769775
300.44281006
300.80725098
301.17117310
301.53469849
301.89739990
302.25964355
302.62127686
302.98226929
303.34255981
303.70245361
304.06173706
304.42037964
304.77835083
305.13571167
305.49261475
305.84884644
306.20455933
306.55972290
306.91439819
307.26843262
307.62185669
307.97470093
308.32705688
308.67883301
309.02993774
309.38058472
309.73059082
310.08004761
310.42895508
310.77728271
311.12512207
311.47225952
311.81890869
312.16494751
312.51049805
312.85559082
313.20001221
313.54385376
313.88729858
314.22985840
314.57202148
314.91348267
315.25469971
315.59533691
315.93539429
316.27484131
316.61373901
316.95202637
317.29010010
317.62750244
317.96411133
318.30050659
318.63626099
318.97152710
319.30627441
319.64059448
319.97412109
320.30731201
320.63995361
320.97210693
321.30355835
321.63458252
321.96517944
322.29525757
322.62481689
322.95388794
323.28240967
323.61032104
323.93801880
324.26507568
324.59158325
324.91751099
325.24295044
325.56802368
325.89251709
326.21636963
326.54006958
326.86300659
327.18557739
327.50744629
327.82888794
328.15005493
328.47076416
328.79064941
329.11013794
329.42919922
329.74777222
330.06582642
330.38342285
330.70068359
331.01736450
331.33340454
331.64910889
331.96429443
332.27893066
332.59323120
332.90701294
333.22030640
333.53329468
333.84576416
334.15753174
334.46893311
334.77987671
335.09042358
335.40039063
335.70996094
336.01901245
336.32778931
336.63592529
336.94381714
337.25115967
337.55804443
337.86444092
338.17041016
338.47583008
338.78100586
339.08560181
339.38973999
339.69354248
339.99676514
340.29946899
340.60208130
340.90399170
341.20556641
341.50665283
341.80734253
342.10748291
342.40716553
342.70660400
343.00537109
343.30386353
343.60183716
343.89935303
344.19650269
344.49316406
344.78948975
345.08535767
345.38076782
345.67568970
345.97030640
346.26455688
346.55819702
346.85150146
347.14440918
347.43701172
347.72906494
348.02069092
348.31188965
348.60256958
348.89285278
349.18267822
349.47235107
349.76156616
350.05032349
350.33865356
350.62646484
350.91394043
351.20104980
351.48760986
351.77398682
352.05987549
352.34518433
352.63018799
352.91479492
353.19894409
353.48275757
353.76620483
354.04919434
354.33175659
354.61389160
354.89578247
355.17706299
355.45822144
355.73886108
356.01901245
356.29888916
356.57815552
356.85726929
357.13589478
357.41418457
357.69213867
357.96981812
358.24691772
358.52368164
358.80014038
359.07611084
359.35180664
359.62698364
359.90197754
360.17645264
360.45050049
360.72418213
360.99746704
361.27044678
361.54312134
361.81536865
362.08721924
362.35855103
362.62960815
362.90032959
363.17074585
363.44064331
363.71023560
363.97933960
364.24819946
364.51669312
364.78472900
365.05249023
365.31988525
365.58694458
365.85372925
366.11996460
366.38610840
366.65151978
366.91680908
367.18173218
367.44628906
367.71063232
367.97439575
368.23779297
368.50094604
368.76376343
369.02612305
369.28829956
369.54998779
369.81143188
370.07254028
370.33322144
370.59338379
370.85354614
371.11312866
371.37246704
371.63137817
371.89007568
372.14819336
372.40618896
372.66387939
372.92102051
373.17800903
373.43466187
373.69082642
373.94671631
374.20236206
374.45764160
374.71243286
374.96688843
375.22109985
375.47503662
375.72860718
375.98187256
376.23483276
376.48742676
376.73962402
376.99166870
377.24322510
377.49456787
377.74545288
377.99609375
378.24636841
378.49639893
378.74606323
378.99536133
379.24450684
379.49304199
379.74145508
379.98956299
380.23727417
380.48474121
380.73193359
380.97882080
381.22546387
381.47167969
381.71752930
381.96292114
382.20834351
382.45312500
382.69775391
382.94201660
383.18606567
383.42965698
383.67294312
383.91598511
384.15866089
384.40115356
384.64324951
384.88516235
385.12673950
385.36816406
385.60916138
385.84982300
386.09008789
386.33010864
386.56979370
386.80917358
387.04830933
387.28720093
387.52545166
387.76358032
388.00146484
388.23910522
388.47650146
388.71350098
388.95034790
389.18679810
389.42282104
389.65872192
389.89416504
390.12936401
390.36422729
390.59881592
390.83300781
391.06713867
391.30102539
391.53430176
391.76748657
392.00045776
392.23312378
392.46566772
392.69769287
392.92941284
393.16094971
393.39202881
393.62292480
393.85345459
394.08386230
394.31375122
394.54354858
394.77304077
33.50909472
34.08445251
34.69468510
35.33442271
35.98884022
36.65265048
37.32348526
38.00010538
38.68172228
39.36780775
40.05797124
40.75187480
41.44927561
42.14989829
42.85355759
43.56006074
44.26921749
44.98084760
45.69483089
46.41098213
47.12916613
47.84924769
48.57111168
49.29463792
50.01969624
50.74617147
51.47396350
52.20296216
52.93311739
53.66427398
54.39635682
55.12932086
55.86305094
56.59748197
57.33256388
58.06816649
58.80430484
59.54084373
60.27776313
61.01499796
61.75250316
62.49022865
63.22810435
63.96613026
64.70422125
65.44236231
66.18049335
66.91858935
67.65664029
68.39459610
69.13243175
69.87008715
70.60758233
71.34488225
72.08191681
72.81870103
73.55520487
74.29144335
75.02736640
75.76291895
76.49815106
77.23302269
77.96753383
78.70159936
79.43527436
80.16853380
80.90135264
81.63372588
82.36567855
83.09714055
83.82808685
84.55858755
85.28856754
86.01808691
86.74704552
87.47551346
88.20347071
88.93086720
89.65776300
90.38407803
91.10986233
91.83505583
92.55976868
93.28383064
94.00730181
94.73029232
95.45263195
96.17444086
96.89563894
97.61621618
98.33620262
99.05557823
99.77435303
100.49252701
101.21014023
101.92705250
102.64338398
103.35911465
104.07415438
104.78858328
105.50242138
106.21563864
106.92820501
107.64013052
108.35141516
109.06204891
109.77206182
110.48140383
111.19008493
111.89816523
112.60557461
113.31231308
114.01840067
114.72382736
115.42858315
116.13265800
116.83610201
117.53889513
118.24099731
118.94242859
119.64319897
120.34329844
121.04273701
121.74148464
122.43957138
123.13693714
123.83370209
124.52971601
125.22504902
125.91973114
126.61369228
127.30697250
127.99965191
128.69153023
129.38275766
130.07330418
130.76309967
131.45230436
132.14076805
132.82852077
133.51565266
134.20202351
134.88775349
135.57273245
136.25703049
136.94067764
137.62359381
138.30578899
138.98736334
139.66818666
140.34827900
141.02764034
141.70632076
142.38432026
143.06165886
143.73828650
144.41420317
145.08937883
145.76387358
146.43761730
147.11066008
147.78306198
148.45467281
149.12554264
149.79576159
150.46528959
151.13407660
151.80215263
152.46941757
153.13615179
153.80209494
154.46728706
155.13188839
155.79570866
156.45879793
157.12114620
157.78278351
158.44370985
159.10398531
159.76355982
160.42237329
161.08044577
161.73780727
162.39451790
163.05037737
163.70557594
164.36012363
165.01393032
165.66701603
166.31938076
166.97102451
167.62192726
168.27222919
168.92168999
169.57046986
170.21856880
170.86584663
171.51244354
172.15825939
172.80353451
173.44806862
174.09190178
174.73495388
175.37728500
176.01879501
176.65976429
177.29993248
177.93937969
178.57814598
179.21617126
179.85351563
180.49009895
181.12600136
181.76112270
182.39564323
183.02942276
183.66248131
184.29485893
184.92637539
185.55733109
186.18736553
186.81683922
187.44567204
188.07370377
188.70109463
189.32776451
189.95371342
190.57888126
191.20350838
191.82725430
192.45021915
193.07252312
193.69412613
194.31514835
194.93542957
195.55488968
196.17370892
196.79174709
197.40920448
198.02596092
198.64195633
199.25727081
199.87186432
200.48571682
201.09896851
201.71139908
202.32312870
202.93413734
203.54444504
204.15413189
204.76301765
205.37124252
205.97870636
206.58546925
207.19173145
207.79711246
208.40177250
209.00575161
209.60904980
210.21164703
210.81356335
211.41483879
212.01537323
212.61526680
213.21445942
213.81301117
214.41082191
215.00785160
215.60430050
216.19990826
216.79495525
217.38920116
217.98278618
218.57571030
219.16797352
219.75957584
220.35045719
220.94059753
221.53005695
222.11873531
222.70685291
223.29434967
223.88094521
224.46704006
225.05231380
225.63698673
226.22101879
226.80432987
227.38694000
227.96892929
228.55031776
229.13086510
229.71083164
230.29019737
230.86878204
231.44664574
232.02382851
232.60035038
233.17623138
233.75135136
234.32585049
234.89978886
235.47290611
236.04542255
236.61733818
237.18837261
237.75880623
238.32861900
238.89775085
239.46616173
240.03393173
240.60102081
241.16746902
241.73323631
242.29834270
242.86278820
243.42671299
243.98971653
244.55231953
245.11410141
245.67528248
246.23592281
246.79576206
247.35490036
247.91351795
248.47141457
249.02871037
249.58534527
250.14137936
250.69667244
251.25132465
251.80541611
252.35890675
252.91153622
253.46358490
254.01497269
254.56573963
255.11588573
255.66541100
256.21413517
256.76223850
257.30992126
257.85668278
258.40296364
258.94838333
259.49330235
260.03758049
260.58121777
261.12427425
261.66672993
262.20850468
262.74961853
263.29011154
263.82988358
264.36905479
264.90768528
265.44553471
265.98278332
266.51957130
267.05563831
267.59116459
268.12607002
268.66031456
269.19385815
269.72692108
270.25918293
270.79098415
271.32216454
271.85270405
272.38254261
272.91174030
273.44035721
273.96825314
274.49566841
275.02250290
275.54849625
276.07398891
276.59894085
277.12337208
277.64710236
278.17013168
278.69256020
279.21446800
279.73569489
280.25634098
280.77638626
281.29573059
281.81455421
282.33267689
282.85023880
283.36734009
283.88368034
284.39925957
284.91447830
285.42907619
285.94299316
286.45636940
286.96922493
287.48151970
287.99309349
288.50422668
289.01453876
289.52447033
290.03362083
290.54233074
291.05035973
291.55792809
292.06479549
292.57118225
293.07688808
293.58201313
294.08651733
294.59046078
295.09378338
295.59650517
296.09876633
296.60058689
297.10142612
297.60198498
298.10194302
298.60126019
299.09987640
299.59809208
300.09560680
300.59252071
301.08901405
301.58494663
302.08023834
302.57486916
303.06905937
303.56248856
304.05555725
304.54780483
305.03973198
305.53107834
306.02186394
306.51210880
307.00169277
307.49079609
307.97917843
308.46702003
308.95446110
309.44118118
309.92762089
310.41337967
310.89859772
311.38313484
311.86711121
312.35072708
312.83370209
313.31615639
313.79794979
314.27936268
314.76017475
315.24024582
315.71999645
316.19918633
316.67775536
317.15572357
317.63325119
318.11021805
318.58666420
319.06250954
319.53787422
320.01259804
320.48686123
320.96054363
321.43366528
321.90632629
322.37844658
322.85000610
323.32094479
323.79138279
324.26134014
324.73083687
325.19973278
325.66814804
326.13594246
326.60329628
327.07008934
327.53642178
328.00197315
328.46716404
328.93193436
329.39606380
329.85967255
330.32280064
330.78548813
331.24761486
331.70920086
332.17006588
332.63043022
333.09033394
333.54981709
334.00869942
334.46702099
334.92500210
335.38238239
335.83922195
336.29564095
336.75149918
337.20687675
337.66169357
338.11614990
338.56996536
339.02346039
339.47627449
339.92864799
340.38042068
340.83167267
341.28240395
341.73273468
342.18242455
342.63171387
343.08044243
343.52881050
343.97681808
344.42398453
344.87079048
345.31715584
345.76304054
346.20840454
346.65308762
347.09749031
347.54129219
347.98469353
348.42761421
348.87009430
349.31201363
349.75345230
350.19437027
350.63488770
351.07488441
351.51436043
351.95331573
352.39187050
352.82990456
353.26749802
353.70465088
354.14116287
354.57727432
355.01290512
355.44801521
355.88284492
356.31711388
356.75098228
357.18420982
357.61699677
358.04946327
358.48136902
358.91271400
359.34349823
359.77404213
360.20402527
360.63376808
361.06295013
361.49157143
361.91971207
362.34733200
362.77443123
363.20116997
363.62734795
364.05304527
364.47842216
364.90319824
365.32757378
365.75150871
366.17496300
366.59805679
367.02062988
367.44288254
367.86445427
368.28562546
368.70619583
369.12648582
369.54629517
369.96562386
370.38459206
370.80291939
371.22088623
371.63853264
372.05553818
372.47234344
372.88846779
373.30415154
373.71939468
374.13423729
374.54867935
374.96276093
375.37640190
375.78932190
376.20204163
376.61428070
377.02607918
377.43747711
377.84831429
378.25895119
378.66890717
379.07858276
379.48769760
379.89657211
380.30480576
380.71275902
381.12027168
381.52730370
381.93401527
382.34016609
382.74599648
383.15122604
383.55605507
383.96044350
384.36423111
384.76785851
385.17080498
385.57347107
385.97577667
386.37760162
386.77890587
387.18004990
387.58059311
387.98085594
388.38063812
388.78001976
389.17900085
389.57762146
389.97572136
390.37330055
390.77059937
391.16745758
391.56387520
391.95989227
392.35562897
392.75096512
393.14594078
393.54039574
393.93428993
394.32786369
394.72103691
395.11388969
395.50602150
395.89823341
396.28964424
396.68085480
397.07170486
397.46211433
397.85224342
398.24181175
398.63093948
399.01986694
399.40831375
399.79631996
400.18388557
400.57093048
400.95777512
401.34409904
401.73014259
402.11566544
402.50102806
402.88558960
403.26999092
403.65415192
404.03767204
404.42087173
404.80371094
405.18630981
405.56838799
405.95014572
406.33134270
406.71205902
407.09249496
407.47233009
407.85196495
408.23127937
408.60987282
408.98826599
409.36625862
409.74393082
410.12124252
410.49839401
410.87502480
411.25137520
411.62716484
412.00283432
412.37794304
412.75261116
413.12711906
413.50114632
413.87477303
414.24803925
414.62098503
414.99349022
415.36547470
415.73717880
416.10844231
416.47946548
416.84992790
417.22006989
417.58989143
417.95923233
418.32821274
418.69695282
419.06525230
419.43299103
419.80052948
420.16770744
420.53448486
420.90102196
421.26719856
421.63289452
421.99831009
422.36340523
422.72817993
423.09271431
423.45664787
423.82046127
424.18351364
424.54644585
424.90901756
425.27126884
425.63299942
425.99436951
13.91778111
14.09299567
14.30484146
14.53947604
14.78777111
15.04611567
15.31287387
15.58724254
15.86879879
16.15727872
16.45257413
16.75460309
17.06330657
17.37867475
17.70070106
18.02936912
18.36468711
18.70664686
19.05525491
19.41051945
19.77242410
20.14098689
20.51617995
20.89802131
21.28649130
21.68157846
22.08327293
22.49156654
22.90643141
23.32785279
23.75581756
24.19028804
24.63125601
25.07868379
25.53255007
25.99282041
26.45946696
26.93246514
27.41176248
27.89733112
28.38915795
28.88717413
29.39134032
29.90164340
30.41803092
30.94045043
31.46887243
32.00325102
32.54354686
33.08970422
33.64169031
34.19945925
34.76296842
35.33215880
35.90700418
36.48743570
37.07341075
37.66489327
38.26186359
38.86422664
39.47196275
40.08501947
40.70333779
41.32689148
41.95562482
42.58949518
43.22844028
43.87243718
44.52140391
45.17534703
45.83416820
46.49788052
47.16637582
47.83965081
48.51764321
49.20031041
49.88760650
50.57949215
51.27592802
51.97685838
52.68223733
53.39206815
54.10624266
54.82477397
55.54756045
56.27463162
57.00586617
57.74131656
58.48083854
59.22446489
59.97215629
60.72383404
61.47949815
62.23908305
63.00253630
63.76987100
64.54100847
65.31592906
66.09459341
66.87696218
67.66300261
68.45266879
69.24594760
70.04274070
70.84309399
71.64692223
72.45425165
73.26495767
74.07907963
74.89654541
75.71732879
76.54142320
77.36875653
78.19934189
79.03309405
79.87001300
80.71005285
81.55322671
82.39946902
83.24874699
84.10106063
84.95633125
85.81451297
86.67569101
87.53972769
88.40665579
89.27640975
90.14897645
91.02434933
91.90245628
92.78325140
93.66683304
94.55304384
95.44194937
96.33345127
97.22752988
98.12420487
99.02341068
99.92518008
100.82938850
101.73609495
102.64527321
103.55685115
104.47080255
105.38716018
106.30585194
107.22691715
108.15026402
109.07588601
110.00378966
110.93392253
111.86627150
112.80086279
113.73759151
114.67648387
115.61747432
116.56065464
117.50581503
118.45307350
119.40241694
120.35383224
121.30716205
122.26252437
123.21985364
124.17913675
125.14036059
126.10344648
127.06844687
128.03530931
129.00403380
129.97460723
130.94692469
131.92113042
132.89711952
133.87478709
134.85427737
135.83547235
136.81834579
137.80298948
138.78925920
139.77718115
140.76674223
141.75792933
142.75066376
143.74507666
144.74097133
145.73850513
146.73758626
147.73816228
148.74019384
149.74379897
150.74888587
151.75546765
152.76341319
153.77284050
154.78368402
155.79589128
156.80947542
157.82451510
158.84080052
159.85846281
160.87747574
161.89785242
162.91952729
163.94244790
164.96671915
165.99211812
167.01876283
168.04671884
169.07589436
170.10630250
171.13785148
172.17060685
173.20447683
174.23954010
175.27579665
176.31311536
177.35153556
178.39112282
179.43179846
180.47351003
181.51624441
182.56014585
183.60504389
184.65099096
185.69796085
186.74595356
187.79482484
188.84471893
189.89570141
190.94752312
192.00042009
193.05418253
194.10888910
195.16450047
196.22101665
197.27846384
198.33669782
199.39583659
200.45577526
201.51660562
202.57828832
203.64086270
204.70421076
205.76837182
206.83337212
207.89919853
208.96577239
210.03317237
211.10137224
212.17024088
213.23987007
214.31020737
215.38125277
216.45298004
217.52544165
218.59859824
219.67239738
220.74697018
221.82221174
222.89803028
223.97447824
225.05166054
226.12944603
227.20793962
228.28693151
229.36663151
230.44690847
231.52773619
232.60911465
233.69109631
234.77373362
235.85681677
236.94042444
238.02453041
239.10939693
240.19468307
241.28036261
242.36667156
243.45342636
244.54078436
245.62858820
246.71683788
247.80563831
248.89477968
249.98439312
251.07445240
252.16493130
253.25590849
254.34727907
255.43920040
256.53141022
257.62401342
258.71693134
259.81037378
260.90402603
261.99828148
263.09285164
264.18784142
265.28311968
266.37879133
267.47477770
268.57110500
269.66774702
270.76475620
271.86194897
272.95950890
274.05738354
275.15549421
276.25399828
277.35268593
278.45174074
279.55092669
280.65053225
281.75021648
282.85029411
283.95063400
285.05126238
286.15202188
287.25296497
288.35424900
289.45576906
290.55739403
291.65920258
292.76129961
293.86363268
294.96620178
296.06890202
297.17178583
298.27485323
299.37815666
300.48161745
301.58515692
302.68885374
303.79265547
304.89661455
306.00062609
307.10495234
308.20930481
309.31384087
310.41840315
311.52320147
312.62807846
313.73298168
314.83806849
315.94331264
317.04850435
318.15401077
319.25949097
320.36502361
321.47058249
322.57619381
323.68180513
324.78746891
325.89315891
326.99913740
328.10506344
329.21080589
330.31681061
331.42265797
332.52863646
333.63458872
334.74061966
335.84657192
336.95265532
338.05868626
339.16474342
340.27080059
341.37688398
342.48299360
343.58891964
344.69495058
345.80106020
346.90709114
348.01293850
349.11875963
350.22452831
351.33032322
352.43601322
353.54178190
354.64741945
355.75297832
356.85856342
357.96406984
359.06949759
360.17476797
361.27988100
362.38499403
363.49000216
364.59487915
365.69975615
366.80447578
367.90898561
369.01354790
370.11797905
371.22256756
372.32668400
373.43095779
374.53510046
375.63908577
376.74296618
377.84666300
378.95030737
380.05382061
381.15725517
382.26034880
383.36320639
384.46598530
385.56855440
386.67122841
387.77358770
388.87578964
389.97786045
391.07980013
392.18155622
393.28318119
394.38449144
395.48553944
396.58658743
397.68729448
398.78810644
399.88828897
400.98873377
402.08870649
403.18841696
404.28789139
405.38705111
406.48623705
407.58526564
408.68397951
409.78258848
410.88075161
411.97894096
413.07692051
414.17469025
415.27217150
416.36941671
417.46629477
418.56317282
419.65976238
420.75627327
421.85249567
422.94829845
424.04397011
425.13927460
426.23436928
427.32925415
428.42395544
429.51828957
430.61251879
431.70648575
432.80042648
433.89384270
434.98710155
436.07996702
437.17246532
438.26478004
439.35662270
440.44830799
441.53983593
442.63110161
443.72205257
444.81263638
445.90295792
446.99285984
448.08239460
449.17145729
450.26057243
451.34937286
452.43775368
453.52581978
454.61362362
455.70137501
456.78870678
457.87546158
458.96205902
460.04834175
461.13430977
462.21980572
463.30509186
464.39022064
465.47498226
466.55942917
467.64371872
468.72748375
469.81109142
470.89412212
471.97694302
473.05929184
474.14164066
475.22351742
476.30497456
477.38637924
478.46725941
479.54803467
480.62818050
481.70795918
482.78758049
483.86672974
484.94561672
486.02397919
487.10218430
488.17975998
489.25712585
490.33391476
491.41044140
492.48675823
493.56244564
494.63776588
495.71282387
496.78756714
497.86183834
498.93558502
500.00896454
501.08218670
502.15488434
503.22721481
504.29886341
505.37077427
506.44210815
507.51281261
508.58314991
509.65348721
510.72309017
511.79237843
512.86129951
513.92990589
514.99804020
516.06559753
517.13315487
518.20003033
519.26685333
520.33309937
521.39929295
522.46469975
523.52994919
524.59483147
525.65908432
526.72317982
527.78690815
528.84995461
529.91300106
530.97531319
532.03694344
533.09862614
534.15978432
535.22052288
536.28115654
537.34084606
538.40027332
539.45912361
540.51765919
541.57561779
542.63326168
543.69059086
544.74734306
545.80383301
546.85985088
547.91539669
548.97036552
550.02528191
551.07946396
552.13327885
553.18656921
554.23959732
555.29183865
556.34413242
557.39563942
558.44709396
559.49760437
560.54795742
561.59799576
562.64745712
563.69670868
564.74522591
565.79342842
566.84147358
567.88846970
568.93551826
569.98193741
571.02798939
572.07330704
573.11851978
574.16326046
575.20752907
576.25158787
577.29491234
578.33792210
579.38051224
580.42273521
581.46453857
582.50566006
583.54657173
584.58695889
585.62703133
586.66626453
587.70544529
588.74399662
589.78212833
590.81978798
591.85692310
592.89358616
593.92993450
594.96549606
596.00079536
597.03572750
598.07013512
599.10407066
600.13727188
601.17026329
602.20267773
603.23441029
604.26603794
605.29698372
606.32761478
607.35766888
608.38740826
609.41672802
610.44552326
611.47410870
612.50185490
613.52907658
614.55587864
615.58220863
616.60780430
617.63329506
618.65841866
619.68275547
620.70683002
621.73053741
622.75351048
623.77622128
624.79830265
625.81991196
626.84110165
627.86166191
628.88185501
629.90178585
630.92082500
631.93933964
632.95759201
633.97516251
634.99252319
636.00935936
637.02561855
638.04103851
639.05645847
640.07140636
641.08609200
642.10014820
643.11415195
644.12726402
645.13995647
646.15201950
647.16355801
648.17472935
649.18548107
650.19544601
651.20535851
652.21464157
653.22345257
654.23179150
655.23965836
656.24705315
657.25429058
658.26095104
659.26687717
660.27238369
661.27757549
662.28208542
663.28628063
664.29005623
665.29320240
666.29550934
667.29781628
668.29959869
669.30054188
670.30153751
671.30148411
672.30111599
673.30059052
674.29922581
675.29770374
676.29549980
677.29303360
678.28999043
679.28668499
680.28264523
681.27813339
682.27304459
683.26732635
684.26145077
685.25499821
686.24812603
687.24062443
688.23254585
689.22420502
690.21523476
691.20563507
692.19582558
693.18543911
694.17479038
695.16335487
696.15144730
697.13885784
698.12595367
699.11252499
700.09836197
701.08388424
702.06898689
703.05319786
704.03735638
705.02083302
706.00383759
706.98647499
707.96853542
708.94991398
709.93097782
710.91167450
711.89158440
712.87107468
4.07059316
4.11669526
4.15698245
4.20304857
4.25303094
4.30590343
4.36109442
4.41826962
4.47722822
4.53784220
4.60004270
4.66378070
4.72903274
4.79578994
4.86405440
4.93383810
5.00515617
5.07802479
5.15246533
5.22850648
5.30617848
5.38550533
5.46652354
5.54926544
5.63376337
5.72005384
5.80817074
5.89815266
5.99003300
6.08385347
6.17965057
6.27746344
6.37732804
6.47928506
6.58337571
6.68964066
6.79811798
6.90884575
7.02186622
7.13721745
7.25494012
7.37507753
7.49766774
7.62274362
7.75035627
7.88053907
8.01333375
8.14877525
8.28691050
8.42777081
8.57140258
8.71783294
8.86710986
9.01926726
9.17434528
9.33238357
9.49340925
9.65746716
9.82459173
9.99481842
10.16818166
10.34472108
10.52446485
10.70745468
10.89371979
11.08329251
11.27620831
11.47249743
11.67219847
11.87533334
12.08193749
12.29204327
12.50568405
12.72288382
12.94367909
13.16808447
13.39614794
13.62788409
13.86332840
14.10249859
14.34542701
14.59213659
14.84265342
15.09700775
15.35521418
15.61730504
15.88330537
16.15323186
16.42712101
16.70497805
16.98683843
17.27270529
17.56261826
17.85658151
18.15462738
18.45677257
18.76304001
19.07344013
19.38800216
19.70672399
20.02964735
20.35677224
20.68811327
21.02369547
21.36353552
21.70764595
22.05603510
22.40872175
22.76571214
23.12704176
23.49270016
23.86271656
24.23708886
24.61584210
24.99897629
25.38651645
25.77846885
26.17483556
26.57562286
26.98085785
27.39053845
27.80466884
28.22327822
28.64636451
29.07392979
29.50597405
29.94251609
30.38357675
30.82914144
31.27923101
31.73384130
32.19298273
32.65665323
33.12487364
33.59762311
34.07493085
34.55679059
35.04321694
35.53419948
36.02973402
36.52984560
37.03453004
37.54379988
38.05763006
38.57603312
39.09899652
39.62659121
40.15877545
40.69551587
41.23685002
41.78278208
42.33327448
42.88838565
43.44808638
44.01238084
44.58124399
45.15470088
45.73274314
46.31535828
46.90257132
47.49436140
48.09074938
48.69168937
49.29722726
49.90733802
50.52203834
51.14130318
51.76510751
52.39350557
53.02645564
53.66396189
54.30604935
54.95266378
55.60386360
56.25959873
56.91986918
57.58468747
58.25406611
58.92796755
59.60636675
60.28929710
60.97675860
61.66873872
62.36520827
63.06619227
63.77168655
64.48167443
65.19613922
65.91507673
66.63849115
67.36638248
68.09871733
68.83552492
69.57679272
70.32247901
71.07263803
71.82721972
72.58620739
73.34966779
74.11750913
74.88975644
75.66640139
76.44745231
77.23291755
78.02276373
78.81697416
79.61554885
80.41846275
81.22573256
82.03736663
82.85333991
83.67361069
84.49823737
85.32715321
86.16039991
86.99792743
87.83976912
88.68587494
89.53628659
90.39092898
91.24981880
92.11295605
92.98035741
93.85200620
94.72787738
95.60795426
96.49220347
97.38062501
98.27322721
99.17003512
100.07098198
100.97616792
101.88547611
102.79891491
103.71648431
104.63817596
105.56396484
106.49385095
107.42788434
108.36598158
109.30816770
110.25450110
111.20478153
112.15919256
113.11764240
114.08008099
115.04652500
116.01704955
116.99157119
117.97007322
118.95254731
119.93896842
120.92944503
121.92382693
122.92217255
123.92444015
124.93066311
125.94080806
126.95480824
127.97273040
128.99454951
130.02026558
131.04982018
132.08330512
133.12060356
134.16173220
135.20669103
136.25554681
137.30810761
138.36445689
139.42461133
140.48852921
141.55627728
142.62774706
143.70298862
144.78196859
145.86460352
146.95104361
148.04113865
149.13498878
150.23251057
151.33367062
152.43851900
153.54703903
154.65924740
155.77501059
156.89442873
158.01743507
159.14397955
160.27424574
161.40808344
162.54552603
163.68655682
164.83119249
165.97923279
167.13089466
168.28602791
169.44469929
170.60684204
171.77258968
172.94180870
174.11448240
175.29066086
176.47022724
177.65326500
178.83969069
180.02963781
181.22295618
182.41971254
183.61980677
184.82325554
186.03005886
187.24025011
188.45381260
189.67081308
190.89101791
192.11459398
193.34147453
194.57164288
195.80511570
197.04184294
198.28184128
199.52511072
200.77158451
202.02137947
203.27441216
204.53063250
205.79007387
207.05265284
208.31851959
209.58740711
210.85953236
212.13484526
213.41334581
214.69500065
215.97977638
217.26770639
218.55862379
219.85274553
221.14995480
222.45023489
223.75355244
225.05999088
226.36948347
227.68208027
228.99769783
230.31623602
231.63786173
232.96242476
234.28989172
235.62054634
236.95413828
238.29071760
239.63016748
240.97267151
242.31802940
243.66635799
245.01754045
246.37174368
247.72870064
249.08856153
250.45134306
251.81701183
253.18556786
254.55679417
255.93100786
257.30797529
258.68781328
260.07050514
261.45591736
262.84420013
264.23510313
265.62877655
267.02542067
268.42461824
269.82648611
271.23114109
272.63851643
274.04859543
275.46131134
276.87681437
278.29508781
279.71604824
281.13974571
282.56597996
283.99501801
285.42642593
286.86057091
288.29725266
289.73660469
291.17846012
292.62298584
294.07004833
295.51968098
296.97181702
298.42665672
299.88396645
301.34377956
302.80636311
304.27121639
305.73877335
307.20876694
308.68126392
310.15626431
311.63366795
313.11360836
314.59595203
316.08069897
317.56788254
319.05760288
320.54979324
322.04421997
323.54108334
325.04051685
326.54232025
328.04646015
329.55296993
331.06184959
332.57333279
334.08685207
335.60260773
337.12076664
338.64129543
340.16402721
341.68922901
343.21663380
344.74637508
346.27831936
347.81246662
349.34901714
350.88770390
352.42882729
353.97215366
355.51754951
357.06521511
358.61508369
360.16708851
361.72122955
363.27770710
364.83635426
366.39730453
367.96039104
369.52558041
371.09293938
372.66243458
374.23399925
375.80766678
377.38360405
378.96167755
380.54168701
382.12369919
383.70798111
385.29409885
386.88241959
388.47277641
390.06530285
391.65966511
393.25613022
394.85456467
396.45516872
398.05760860
399.66205120
401.26863003
402.87687778
404.48732853
406.09954834
407.71390438
409.33016300
410.94839096
412.56862164
414.19068813
415.81465721
417.44059563
419.06836987
420.69811344
422.32965946
423.96320820
425.59842587
427.23567963
428.87483597
430.51566124
432.15822220
433.80295277
435.44941902
437.09768772
438.74769211
440.39963245
442.05330849
443.70858669
445.36583424
447.02488422
448.68543625
450.34802437
452.01221466
453.67840767
455.34623623
457.01586723
458.68713379
460.36023617
462.03504086
463.71188164
465.39015770
467.06993580
468.75168324
470.43486595
472.11991787
473.80673885
475.49499512
477.18508720
478.87661457
480.56977749
482.26457596
483.96111012
485.65921307
487.35885143
489.06015873
490.76300144
492.46761322
494.17396069
495.88174343
497.59086132
499.30184841
501.01413727
502.72829533
504.44375515
506.16058350
507.87924767
509.59944725
511.32108212
513.04421902
514.76875782
516.49483204
518.22240829
519.95151997
521.68216705
523.41421604
525.14780045
526.88298702
528.61924171
530.35743237
532.09682465
533.83768559
535.58008194
537.32367992
539.06867981
540.81501484
542.56251812
544.31199074
546.06246471
547.81454086
549.56791878
551.32233143
553.07841301
554.83589649
556.59461498
558.35490227
560.11622429
561.87894821
563.64314079
565.40840149
567.17526436
568.94366264
570.71326256
572.48433113
574.25646782
576.02973938
577.80441284
579.58048820
581.35769844
583.13644409
584.91625786
586.69727325
588.47982407
590.26317596
592.04779625
593.83355141
595.62050819
597.40853310
599.19816017
600.98872185
602.78068542
604.57405090
606.36821747
608.16385269
609.96048927
611.75852776
613.55783463
615.35780907
617.15931892
618.96196365
620.76574326
622.57079124
624.37664032
626.18409157
627.99227715
629.80219841
631.61252022
633.42431068
635.23723602
637.05129623
638.86642456
640.68242073
642.49981880
644.31821823
646.13735199
647.95762062
649.77922440
651.60189629
653.42556953
655.24997711
657.07571983
658.90239716
660.73020935
662.55895615
664.38877106
666.21945381
668.05133820
669.88409042
671.71817780
673.55319977
675.38915634
677.22624779
679.06400681
680.90323448
682.74326324
684.58395958
686.42565727
688.26848984
690.11212349
691.95669174
693.80226135
695.64876556
697.49613762
699.34397697
701.19341850
703.04359436
704.89490509
706.74688339
708.59972954
710.45411110
712.30869293
714.16447639
716.02112770
717.87864685
719.73710060
721.59608841
723.45621109
725.31700134
727.17885971
729.04125214
730.90457916
732.76904106
734.63410378
736.50036812
738.36730003
740.23516655
742.10396767
743.97336960
745.84383965
747.71517754
749.58698273
751.45972252
753.33312988
755.20727158
757.08201408
758.95769119
760.83443642
762.71191597
764.59012985
766.46887779
768.34896088
770.22971153
772.11086273
773.99281502
775.87583542
777.75952339
779.64367867
781.52890205
783.41459274
785.30121803
787.18817711
789.07587051
790.96443176
792.85426140
794.74402428
796.63498878
798.52642059
800.41885376
802.31162071
804.20512199
806.09909058
807.99386024
809.88916397
811.78580284
813.68250847
815.58028221
817.47872353
819.37736511
821.27707481
823.17698479
825.07769585
826.97914124
828.88125420
830.78436852
832.68754959
834.59153175
836.49624825
838.40143204
840.30755043
842.21366882
844.12105560
846.02870941
847.93676376
849.84555244
851.75494194
853.66473198
855.57525635
857.48658180
859.39870834
861.31116867
863.22409630
