353.67355635
358.14994946
362.69747047
367.97818635
373.79416311
380.04038716
386.66347554
393.63581128
400.94411653
408.58414629
416.55617207
424.86475967
433.51743650
442.52298865
451.89252216
461.63803153
471.77328821
482.31300153
493.27252246
504.66892961
516.51944965
528.84357981
541.66057054
554.99139987
568.85808241
583.28297827
598.29017520
613.90489619
630.15280850
647.06125762
664.65778649
682.97250476
702.03492977
721.87650390
742.52970610
764.02736083
786.40441503
809.69581567
833.93764496
859.16776210
885.42348333
912.74479032
941.17126986
970.74339725
1001.50233880
1033.49103779
1066.75283238
1101.33056715
1137.26876490
1174.61352795
1213.40878680
1253.70222330
1295.53954490
1338.96823600
1384.03587975
1430.79035543
1479.28052954
1529.55457754
1581.66136593
1635.65074839
1691.57188758
1749.47443977
1809.40845609
1871.42329663
1935.56930870
2001.89604983
2070.45544684
2141.29587263
2214.46747705
2290.02179205
2368.00738797
2448.47480953
2531.47282451
2617.05217510
2705.26162907
2796.15034908
2889.76670802
2986.16164550
3085.38136259
3187.47561425
3292.49079898
3400.47469735
3511.47607714
3625.53975731
3742.71470308
3863.04553598
3986.58003658
4113.35966736
4243.43181401
4376.84109807
4513.63253593
4653.84837985
4797.53246158
4944.72703338
5095.47513723
5249.81942028
5407.79818594
5569.45408136
5734.82975364
5903.96153182
6076.89245790
6253.65807116
6434.29864943
6618.85289103
6807.35830963
6999.84847009
7196.36404514
7396.93899453
7601.60964727
7810.40838361
8023.37074280
8240.52989483
8461.92058921
8687.57441640
8917.52691567
9151.80572867
9390.44323564
9633.47102702
9880.92306256
10132.82303512
10389.20332491
10650.08604527
10915.50910473
11185.49619615
11460.06469429
11739.25329745
12023.08490872
12311.59190834
12604.78219390
12902.69920230
13205.35793900
13512.78209686
13824.99694824
14142.02776551
14463.88086677
14790.60047865
15122.19291925
15458.68188143
15800.09263754
16146.45045996
16497.75218964
16854.04205322
17215.31847119
17581.61145449
17952.92890072
18329.30240035
18710.73511243
19097.25546837
19488.87610435
19885.60491800
20287.45928407
20694.45815682
21106.61101341
21523.93996716
21946.44501805
22374.15617704
22807.07028508
23245.21103501
23688.58474493
24137.19931245
24591.06579423
25050.20946264
25514.61926103
25984.31572318
26459.30516720
26939.60338831
27425.21196604
27916.15301371
28412.41389513
28914.01672363
29420.98045349
29933.27665329
30450.94007254
30973.95807505
31502.34961510
32036.11153364
32575.25962591
33119.80652809
33669.75224018
34225.08096695
34785.82429886
35351.97907686
35923.52950573
36500.49769878
37082.88997412
37670.68421841
38263.89938593
38862.55127192
39466.63039923
40076.12413168
40691.04194641
41311.39963865
41937.17825413
42568.40622425
43205.05827665
43847.13757038
44494.66621876
45147.61579037
45805.99576235
46469.80929375
47139.03743029
47813.71492147
48493.78490448
49179.27581072
49870.20975351
50566.53302908
51268.29934120
51975.48973560
52688.09157610
53406.08274937
54129.48536873
54858.32154751
55592.54074097
56332.13031292
57077.10921764
57827.51536369
58583.29820633
59344.45142746
60110.96870899
60882.84373283
61660.08913517
62442.64805317
63230.62789440
64023.93388748
64822.57866859
65626.57487392
66435.89723110
67250.50783157
68070.46353817
68895.72644234
69726.27758980
70562.08539009
71403.19406986
72249.60994720
73101.27615929
73958.22429657
74820.44172287
75687.85262108
76560.50121784
77438.41910362
78321.56205177
79209.89847183
80103.48522663
81002.27808952
81906.25178814
82815.42527676
83729.79223728
84649.28948879
85573.96757603
86503.83913517
87438.76516819
88378.81517410
89323.96388054
90274.24919605
91229.68375683
92190.17279148
93155.77948093
94126.44064426
95102.10573673
96082.86952972
97068.74465942
98059.62371826
99055.47511578
100056.36835098
101062.26551533
102073.14133644
103088.93263340
104109.72785950
105135.50806046
106166.21637344
107201.87807083
108242.49315262
109287.97316551
110338.34338188
111393.59116554
112453.61542702
113518.64361763
114588.52410316
115663.19370270
116742.76614189
117827.16560364
118916.30363464
120010.28132439
121109.04812813
122212.59140968
123320.84798813
124433.96949768
125551.79166794
126674.26395416
127801.44953728
128933.33578110
130069.93532181
131211.26079559
132357.17320442
133507.84945488
134663.02418709
135822.88694382
136987.31136322
138156.41117096
139330.09791374
140508.39686394
141691.18165970
142878.50284576
144070.49942017
145267.05765724
146468.03855896
147673.54321480
148883.48317146
150097.88370132
151316.84589386
152540.19284248
153767.96245575
155000.24318695
156236.90867424
157477.89573669
158723.34337234
159973.15049171
161227.24127769
162485.90636253
163748.79193306
165016.01171494
166287.51516342
167563.26436996
168843.33515167
170127.72750854
171416.36562347
172709.21158791
174006.21485710
175307.57761002
176613.04712296
177922.82557487
179236.63496971
180554.61430550
181876.91521645
183203.22179794
184533.71095657
185868.21842194
187206.85791969
188549.74317551
189896.57092094
191247.48015404
192602.36978531
193961.26508713
195324.40614700
196691.48969650
198062.54100800
199437.52217293
200816.49637222
202199.48887825
203586.37332916
204977.18763351
206371.83070183
207770.46680450
209173.14648628
210579.66756821
211990.00477791
213404.08229828
214822.11494446
216243.91317368
217669.57807541
219099.00856018
220532.15408325
221969.09046173
223409.86824036
224854.33578491
226302.56891251
227754.64344025
229210.43300629
230669.86179352
232132.95507431
233599.73812103
235070.05929947
236544.19660568
238021.82149887
239503.13615799
240988.16585541
242476.63259506
243968.66273880
245464.38264847
246963.64068985
248466.38631821
249972.61953354
251482.36560822
252995.70035934
254512.47215271
256032.85789490
257556.65540695
259083.78887177
260614.43519592
262148.49328995
263686.06424332
265227.02169418
266771.03710175
268318.56536865
269869.60649490
271424.28684235
272982.10096359
274543.45321655
276108.09087753
277675.86231232
279246.99497223
280821.48885727
282399.04069901
283979.85267639
285563.89951706
287151.13067627
288741.72306061
290335.57558060
291932.43551254
293532.53030777
295135.85996628
296742.27285385
298351.89533234
299964.60103989
301580.51633835
303199.59068298
304821.64716721
306446.86269760
308075.31309128
309706.77089691
311341.21084213
312978.68347168
314619.16351318
316262.77732849
317909.44910049
319559.17882919
321211.81488037
322867.30670929
324525.80595016
326187.16096878
327851.44758224
329518.66579056
331188.99250031
332862.12444305
334537.96052933
336216.70293808
337898.40221405
339582.93199539
341270.62082291
342960.96324921
344654.13618088
346349.93743896
348048.72083664
349750.15783310
351454.65278625
353161.59915924
354871.42658234
356583.75597000
358298.78950119
360016.85571671
361737.44916916
363460.99948883
365187.20340729
366915.93456268
368647.44567871
370381.43348694
372118.25180054
373857.85007477
375599.95031357
377344.72942352
379091.88413620
380841.56608582
382593.77527237
384348.99187088
386106.60934448
387866.80459976
389629.55236435
391394.67573166
393162.42742538
394932.55472183
396705.10816574
398480.11302948
400257.79676437
402037.72974014
403820.16468048
405605.07631302
407392.13609695
409181.77366257
410973.93846512
412768.50414276
414565.49596786
416364.81285095
418166.68224335
419970.75033188
421776.86548233
423585.48259735
425396.39949799
427209.99526978
429025.71392059
430844.01035309
432664.37911987
434487.12348938
436312.24346161
438139.38522339
439969.15531158
441801.09882355
443635.16521454
445471.45557404
447309.86881256
449150.65765381
450993.56937408
452838.90724182
454686.36798859
456535.85052490
458387.60757446
460241.48750305
462097.28813171
463955.31272888
465815.40966034
467677.47783661
469541.71943665
471408.28609467
473277.07672119
475147.78804779
477020.21789551
478894.97280121
480771.95167542
482650.80070496
484531.67152405
486414.66522217
488300.03452301
490186.92016602
492075.97923279
493966.95899963
495859.96055603
497754.63008881
499651.27086639
501550.03452301
503450.36506653
505352.71739960
507257.29370117
509163.63906860
511072.05677032
512981.94026947
514894.30046082
516808.73298645
518724.78294373
520642.90523529
522562.89768219
524484.70973969
526408.24031830
528333.38832855
530260.00213623
532188.43555450
534118.78967285
536050.91285706
537984.60292816
539920.16315460
541857.59353638
543797.14679718
545738.16585541
547681.25724792
549626.26934052
551572.89886475
553521.39854431
555471.36402130
557422.94692993
559376.34944916
561331.26831055
563287.85514832
565246.41323090
567206.23493195
569167.82569885
571131.08444214
573096.26388550
575063.01021576
577031.32343292
579001.30462646
580973.05488586
582946.06876373
584920.70007324
586896.69609070
588874.30953979
590853.48987579
592834.28764343
594816.90502167
596800.78601837
598786.33499146
600773.24867249
602761.72924042
604751.72615051
606743.44158173
608736.67335510
610731.42147064
612727.53429413
614725.51727295
616724.51114655
618725.02136230
620727.30064392
622730.79299927
624735.90278625
626742.78163910
628751.07574463
630760.43128967
632770.84827423
634783.13541412
636796.48399353
638810.89401245
640827.57854462
642844.92015839
644863.72756958
646883.84914398
648905.53760529
650928.33805084
652952.55374908
654978.53851318
657005.53417206
659034.09671783
661063.92288208
663095.26538849
665128.22532654
667162.29724884
669197.93605804
671234.63630676
673272.29690552
675311.12003326
677351.40895844
679393.01204681
681435.92929840
683479.65526581
685524.74594116
687570.64533234
689617.75779724
691666.33605957
693716.17794037
695767.43507385
697820.25909424
699874.24564362
701929.14199829
703985.60523987
706043.43318939
708102.17094421
710161.91959381
712223.33621979
714285.66265106
716349.15161133
718413.80310059
720479.31385040
722545.98712921
724613.92402649
726682.82127380
728752.93159485
730823.64845276
732895.83110809
734969.17629242
737043.93672943
739119.55642700
741196.18701935
743273.57578278
745352.43034363
747432.19470978
749512.71724701
751594.95830536
753677.95753479
755761.91711426
757846.88758850
759932.97004700
762020.06340027
764108.52146149
766197.43442535
768287.35828400
770378.39412689
772470.49140930
774563.90285492
776657.87029266
778752.59590149
780848.68621826
782945.43361664
785043.44463348
787142.61817932
789242.80261993
791343.69468689
793445.85037231
795548.81477356
797652.73952484
799757.22026825
801862.91408539
803969.16389465
806076.62677765
808184.64565277
810293.97869110
812403.96881104
814514.96982574
816626.57737732
818739.04418945
820853.02734375
822968.02139282
825083.31871033
827199.72801208
829316.69330597
831434.87167358
833553.55548859
835672.84584045
837793.34926605
839915.21739960
842037.59098053
844160.31837463
846284.35993195
848408.80584717
850534.51538086
852660.42709351
854787.24861145
856914.77775574
859043.82324219
861173.17199707
863303.02619934
865433.89129639
867565.86837769
869697.94654846
871831.23779297
873965.23666382
876099.33662415
878234.75074768
880370.87249756
882507.39860535
884644.83451843
886783.48350525
888922.63793945
891061.99455261
893202.36206055
895343.23501587
72.42293865
72.60927535
73.04289797
73.61285738
74.27025633
74.99195565
75.76605841
76.58593124
77.44769752
78.34897097
79.28846800
80.26551665
81.27988433
82.33174332
83.42153300
84.54986499
85.71755770
86.92561043
88.17506558
89.46726704
90.80355009
92.18531032
93.61426206
95.09197320
96.62029590
98.20109955
99.83640001
101.52829927
103.27906301
105.09105166
106.96662567
108.90842974
110.91905693
113.00143623
115.15847081
117.39321891
119.70904027
122.10909650
124.59700578
127.17647245
129.85121808
132.62524852
135.50275052
138.48782470
141.58518333
144.79932329
148.13510329
151.59743372
155.19146621
158.92264526
162.79644985
166.81851400
170.99481635
175.33138720
179.83456701
184.51076513
189.36658045
194.40893922
199.64471599
205.08131944
210.72600316
216.58631368
222.67015930
228.98553452
235.54051993
242.34335124
249.40274656
256.72732061
264.32584319
272.20748039
280.38132936
288.85684907
297.64367081
306.75140861
316.18998665
325.96939802
336.10008378
346.59217484
357.45607782
368.70268174
380.34280669
392.38699712
404.84659001
417.73281898
431.05708994
444.83063649
459.06503685
473.77214488
488.96374553
504.65176161
520.84801253
537.56466229
554.81384043
572.60812446
590.95964395
609.88104530
629.38507833
649.48407933
670.19093595
691.51853584
713.47921528
736.08648218
759.35267285
783.29122625
807.91551247
833.23814347
859.27255824
886.03157550
913.52918558
941.77827612
970.79173476
1000.58362074
1031.16654605
1062.55477667
1094.76126917
1127.79932469
1161.68265790
1196.42512128
1232.03939572
1268.53912696
1305.93782291
1344.24871579
1383.48545134
1423.66181314
1464.79034424
1506.88551739
1549.96028915
1594.02802959
1639.10224661
1685.19589677
1732.32276365
1780.49580380
1829.72824946
1880.03457338
1931.42594025
1983.91682282
2037.51921281
2092.24744514
2148.11420068
2205.13202250
2263.31345364
2322.67200202
2383.22214037
2444.97365505
2507.94005394
2572.13649899
2637.57319003
2704.26363498
2772.21996337
2841.45485610
2911.98099405
2983.81105810
3056.95552379
3131.42762333
3207.24003762
3284.40379351
3362.93074489
3442.83467531
3524.12495762
3606.81647807
3690.92026353
3776.44568682
3863.40680718
3951.81354880
4041.67886823
4133.01131129
4225.82411021
4320.12746483
4415.93708843
4513.25932145
4612.10546643
4712.48655021
4814.41497803
4917.89929569
5022.95163274
5129.58191335
5237.80116439
5347.61986136
5459.04682577
5572.09253311
5686.76801026
5803.08428407
5921.05017602
6040.67781568
6161.97216511
6284.94755924
6409.61006284
6535.97070277
6664.03554380
6793.81892085
6925.32910407
7058.57436359
7193.56572628
7330.31035960
7468.81708503
7609.09307003
7751.15650892
7895.00464499
8040.64850509
8188.10242414
8337.36695349
8488.45201731
8641.36809111
8796.12620175
8952.72855461
9111.19003594
9271.50899172
9433.70196223
9597.76949883
9763.72262836
9931.57017231
10101.31764412
10272.97607064
10446.54875994
10622.04122543
10799.46669936
10978.82738709
11160.12549400
11343.37866306
11528.58358622
11715.76231718
11904.90052104
12096.01363540
12289.11930323
12484.21090841
12681.29947782
12880.38280606
13081.47743344
13284.58556533
13489.71381783
13696.86880708
13906.05163574
14117.26230383
14330.52507043
14545.84103823
14763.20579648
14982.62265325
15204.11476493
15427.66889930
15653.29608321
15880.99521399
16110.78062654
16342.64460206
16576.61470771
16812.68212199
17050.85125566
17291.12762213
17533.51783752
17778.01969647
18024.63981509
18273.38591218
18524.25247431
18777.26376057
19032.39881992
19289.68632221
19549.13067818
19810.70101261
20074.42820072
20340.31224251
20608.34652185
20878.54427099
21150.90769529
21425.44120550
21702.16244459
21981.05376959
22262.11738586
22545.35990953
22830.79457283
23118.41696501
23408.22929144
23700.22052526
23994.40610409
24290.80587626
24589.39999342
24890.19727707
25193.19993258
25498.41237068
25805.83238602
26115.45997858
26427.30617523
26741.39302969
27057.68084526
27376.19388103
27696.93213701
28019.88899708
28345.07107735
28672.47617245
29002.11751461
29333.98407698
29668.08688641
30004.43035364
30342.99904108
30683.81941319
31026.89146996
31372.17330933
31719.72888708
32069.50968504
32421.53334618
32775.81089735
33132.33351707
33491.10120535
33852.12719440
34215.40707350
34580.92761040
34948.68880510
35318.71932745
35690.99050760
36065.50675631
36442.27027893
36821.29871845
37202.57663727
37586.13491058
37971.94707394
38359.96460915
38750.24485588
39142.81868935
39537.63759136
39934.69715118
40334.01501179
40735.59558392
41139.42122459
41545.50957680
41953.86505127
42364.46118355
42777.30679512
43192.42835045
43609.79497433
44029.40225601
44451.29430294
44875.43582916
45301.80037022
45730.45849800
46161.35287285
46594.49672699
47029.89006042
47467.51523018
47907.39428997
48349.52282906
48793.90966892
49240.55922031
49689.44942951
50140.58029652
50593.97828579
51049.51989651
51507.36832619
51967.47064590
52429.80039120
52894.35756207
53361.16421223
53830.20710945
54301.49507523
54775.03252029
55250.79298019
55728.77645493
56209.00058746
56691.46096706
57176.15318298
57663.01989555
58152.14049816
58643.51499081
59137.09485531
59632.89773464
60130.90598583
60631.12843037
61133.53860378
61638.16297054
62145.00594139
62654.06310558
63165.34769535
63678.85088921
64194.53299046
64712.42487431
65232.52213001
65754.84240055
66279.29306030
66805.94027042
67334.79285240
67865.84639549
68399.10972118
68934.54313278
69472.16868401
70011.98637486
70553.95209789
71098.10113907
71644.43349838
72192.87860394
72743.51584911
73296.32318020
73851.34470463
74408.54954720
74967.89360046
75529.39009666
76093.01257133
76658.76102448
77226.67074203
77796.76818848
78369.05336380
78943.37630272
79519.89579201
80098.52361679
80679.34799194
81262.29834557
81847.44524956
82434.60345268
83023.91409874
83615.36836624
84208.95743370
84804.64601517
85402.40764618
86002.30407715
86604.30884361
87208.40430260
87814.61691856
88422.92022705
89033.33187103
89645.88713646
90260.49780846
90877.28738785
91496.11473083
92116.97101593
92739.90917206
93364.95566368
93992.08402634
94621.25015259
95252.49814987
95885.85448265
96521.20447159
97158.68043900
97798.15888405
98439.71037865
99083.35256577
99729.05898094
100376.79433823
101026.48806572
101678.29012871
102332.07702637
102987.91933060
103645.76411247
104305.69076538
104967.61107445
105631.51621819
106297.52087593
106965.51918983
107635.51115990
108307.53207207
108981.56428337
109657.59015083
110335.65378189
111015.63167572
111697.56793976
112381.53314590
113067.45672226
113755.33866882
114445.24955750
115137.19820976
115831.09641075
116526.96180344
117224.71499443
117924.41773415
118626.07884407
119329.70714569
120035.37321091
120743.00646782
121452.58045197
122164.02459145
122877.40063667
123592.69976616
124309.94844437
125029.19077873
125750.34737587
126473.43587875
127198.42100143
127925.34685135
128654.15167809
129384.81783867
130117.31004715
130851.85766220
131588.21368217
132326.41339302
133066.53618813
133808.53796005
134552.55103111
135298.31075668
136045.92299461
136795.40538788
137546.80204391
138300.02474785
139055.16171455
139812.15119362
140570.97554207
141331.59065247
142094.04063225
142858.44898224
143624.70984459
144392.77029037
145162.64796257
145934.23700333
146707.69619942
147483.01672935
148260.16330719
149039.11828995
149819.80228424
150602.32114792
151386.67488098
152172.84584045
152960.85166931
153750.58650970
154542.19150543
155335.57844162
156130.72967529
156927.59227753
157726.20153427
158526.64566040
159328.85408401
160132.80916214
160938.52853775
161746.08278275
162555.33075333
163366.25480652
164178.99608612
164993.46637726
165809.64803696
166627.57635117
167447.12781906
168268.51415634
169091.64714813
169916.47386551
170743.02959442
171571.38490677
172401.41630173
173233.07085037
174066.47205353
174901.54933929
175738.40856552
176576.89094543
177416.99647903
178258.84866714
179102.39458084
179947.59893417
180794.35586929
181642.78888702
182492.96855927
183344.82431412
184198.37379456
185053.56407166
185910.35985947
186768.81408691
187628.87382507
188490.66257477
189354.05683517
190219.07424927
191085.73246002
191954.04911041
192824.04184341
193695.49894333
194568.66741180
195443.40610504
196319.73266602
197197.68238068
198077.20232010
198958.45127106
199841.32337570
200725.53634644
201611.46068573
202498.90232086
203388.00239563
204278.69033813
205170.82500458
206064.54753876
206959.85794067
207856.68563843
208755.20706177
209655.15756607
210556.53715134
211459.45167542
212364.09521103
213270.43247223
214178.11059952
215087.30602264
215998.05402756
216910.26639938
217824.06663895
218739.38417435
219656.09550476
220574.37705994
221494.12298203
222415.43912888
223338.43135834
224262.78209686
225188.54427338
226115.80610275
227044.70872879
227975.02279282
228907.04822540
229840.36159515
230775.10404587
231711.15207672
232648.68211746
233587.90588379
234528.45287323
235470.53480148
236414.06345367
237359.00354385
238305.49621582
239253.27682495
240202.45122910
241152.93121338
242104.94613647
243058.49599838
244013.43965530
244969.65360641
245927.45542526
246886.59811020
247847.09930420
248809.10015106
249772.54772186
250737.35380173
251703.32431793
252670.75920105
253639.67609406
254610.07499695
255581.88533783
256554.89540100
257529.28161621
258505.13219833
259482.28836060
260460.90888977
261440.92321396
262422.13726044
263404.67453003
264388.60559464
265374.01866913
266360.71968079
267348.74391556
268338.02080154
269328.67383957
270320.77360153
271314.23187256
272309.03100967
273304.92401123
274302.10494995
275300.85611343
276300.64821243
277301.85174942
278304.48436737
279308.35199356
280313.18998337
281319.40412521
282326.97677612
283335.94322205
284346.10939026
285357.52820969
286370.39375305
287384.40608978
288399.68872070
289416.25928879
290434.18836594
291453.29952240
292473.61040115
293495.40328979
294518.25475693
295542.25301743
296567.57450104
297594.18392181
298622.24006653
299651.49593353
300681.88095093
301713.57154846
302746.63829803
303780.72834015
304815.94753265
305852.29587555
306890.02037048
307928.83872986
308968.85681152
310010.32161713
311052.56271362
312096.46224976
313141.27922058
314187.11948395
315234.33589935
316282.75203705
317332.26203918
318382.90119171
319434.70478058
320488.02566528
321542.15812683
322597.45502472
323654.09278870
324711.71855927
325770.43819427
326830.32226563
327891.40605927
328953.54843140
330016.96109772
331081.57348633
332147.35031128
333214.25628662
334282.39727020
335351.59683228
336421.89025879
337493.31283569
338565.89984894
339639.47486877
340714.00260925
341789.76535797
342866.58668518
343944.43130493
345023.47564697
346103.61385345
347185.05764008
348267.56000519
349351.12094879
350435.74047089
351521.38328552
352608.22582245
353695.98579407
354784.98077393
355875.10490417
356966.35818481
358058.63475800
9.27242622
9.29857386
9.32696462
9.36595580
9.41204585
9.46311280
9.51796849
9.57590135
9.63647829
9.69941082
9.76450546
9.83163906
9.90071188
9.97166769
10.04447034
10.11909373
10.19551777
10.27375518
10.35380128
10.43567414
10.51939718
10.60499719
10.69249492
10.78193120
10.87334551
10.96677937
11.06227696
11.15989516
11.25968754
11.36170764
11.46601839
11.57268940
11.68179029
11.79339067
11.90757222
12.02440989
12.14398805
12.26640039
12.39174063
12.52010517
12.65159977
12.78632483
12.92440086
13.06594297
13.21106899
13.35990877
13.51260289
13.66927987
13.83010438
13.99521565
14.16477031
14.33894108
14.51789530
14.70182039
14.89089977
15.08533425
15.28532465
15.49109188
15.70285147
15.92083770
16.14529826
16.37647679
16.61463839
16.86004811
17.11300452
17.37378340
17.64270605
17.92008174
18.20625988
18.50155107
18.80633418
19.12097470
19.44585552
19.78136622
20.12792317
20.48596414
20.85590817
21.23822784
21.63339040
22.04188448
22.46420679
22.90088078
23.35244732
23.81946868
24.30252056
24.80216254
25.31903458
25.85374180
26.40694822
26.97931521
27.57152019
28.18425663
28.81825820
29.47426122
30.15302075
30.85534542
31.58201172
32.33384970
33.11172419
33.91649202
34.74900464
35.61021795
36.50102625
37.42242022
38.37531293
39.36074325
40.37971795
41.43326252
42.52243997
43.64836682
44.81210338
46.01480369
47.25760035
48.54169558
49.86826214
51.23848352
52.65365564
54.11497806
55.62378420
57.18138069
58.78904206
60.44818205
62.16016086
63.92636010
65.74820424
67.62711774
69.56458394
71.56210765
73.62116687
75.74326103
77.92995381
80.18288924
82.50358817
84.89369461
87.35483116
89.88861507
92.49677602
95.18103302
97.94304613
100.78460397
103.70740946
106.71330476
109.80407847
112.98157275
116.24754407
119.60399523
123.05266131
126.59549154
130.23446733
133.97138799
137.80838484
141.74733218
145.79020068
149.93913239
154.19595875
158.56291819
163.04194927
167.63524758
172.34479450
177.17277491
182.12128803
187.19248660
192.38865189
197.71173317
203.16402242
208.74779020
214.46524281
220.31860799
226.31015629
232.44211543
238.71682025
245.13647705
251.70357060
258.42035003
265.28917160
272.31241297
279.49223761
286.83121596
294.33161858
301.99601594
309.82682854
317.82636978
325.99693164
334.34119169
342.86161326
351.56053118
360.44045165
369.50415932
378.75375338
388.19180429
397.82118239
407.64394403
417.66270250
427.88041383
438.29930574
448.92169163
459.75057036
470.78842670
482.03783110
493.50126833
505.18152304
517.08103716
529.20242399
541.54833965
554.12126891
566.92433916
579.95977812
593.23002771
606.73821531
620.48691139
634.47847217
648.71598221
663.20201196
677.93861777
692.92922691
708.17610994
723.68235141
739.45000768
755.48233464
771.78156003
788.35068271
805.19218743
822.30881602
839.70356733
857.37841204
875.33660606
893.58114824
912.11426631
930.93921617
950.05788282
969.47335079
989.18844759
1009.20608640
1029.52832356
1050.15798658
1071.09841704
1092.35115722
1113.92014846
1135.80736145
1158.01553801
1180.54801971
1203.40660587
1226.59420967
1250.11400133
1273.96932244
1298.16137254
1322.69349322
1347.56791219
1372.78745696
1398.35555479
1424.27409068
1450.54657757
1477.17421502
1504.16120142
1531.50959313
1559.22264606
1587.30138838
1615.74993283
1644.57067847
1673.76499623
1703.33751291
1733.28977078
1763.62416893
1794.34362054
1825.45172423
1856.95019364
1888.84159923
1921.12782598
1953.81332934
1986.89810932
2020.38730681
2054.28314954
2088.58786523
2123.30316752
2158.43214095
2193.97667050
2229.94172573
2266.32662117
2303.13444138
2340.37118405
2378.03530693
2416.13177955
2454.66214418
2493.62897128
2533.03448856
2572.88212329
2613.17393184
2653.91248465
2695.09812444
2736.73616350
2778.82865816
2821.37715071
2864.38438296
2907.85104036
2951.78277791
2996.17993832
3041.04629159
3086.38252318
3132.19274580
3178.47764492
3225.23996234
3272.48312533
3320.21021843
3368.42055619
3417.11859405
3466.30433202
3515.98291099
3566.15741551
3616.82716012
3667.99591482
3719.66710687
3771.84073627
3824.51851666
3877.70593166
3931.40195310
3985.61240733
4040.33729434
4095.57969868
4151.34030581
4207.62014389
4264.42538202
4321.75704837
4379.61514294
4438.00549209
4496.92638218
4556.38055503
4616.37143791
4676.90142989
4737.96984553
4799.58045483
4861.73702776
4924.44299161
4987.69697547
5051.50035024
5115.85859954
5180.76829612
5246.23972178
5312.26773560
5378.85919213
5446.01340592
5513.72934878
5582.01456070
5650.86698532
5720.29416263
5790.29232264
5860.86180806
5932.01187253
6003.73908877
6076.04688406
6148.93594384
6222.40900993
6296.46882415
6371.11744285
6446.35760784
6522.18931913
6598.61394763
6675.63354969
6753.25155258
6831.46864176
6910.28618813
6989.70693350
7069.73087788
7150.35870671
7231.60070181
7313.44932318
7395.91073990
7478.98632288
7562.67195940
7646.97518945
7731.89944029
7817.44197011
7903.60209346
7990.38803577
8077.79705524
8165.83120823
8254.49597836
8343.78999472
8433.71394277
8524.27330613
8615.46465755
8707.29142427
8799.75771904
8892.86080003
8986.60752177
9080.99240065
9176.02229118
9271.70130610
9368.03218722
9465.00739455
9562.62829900
9660.90175509
9759.82433558
9859.40083861
9959.63880420
10060.53274870
10162.08061576
10264.28994536
10367.15936661
10470.68956494
10574.87711310
10679.73503470
10785.26675701
10891.45857096
10998.32007289
11105.85606098
11214.05762434
11322.93984294
11432.48763680
11542.71608591
11653.62656116
11765.20878077
11877.46685743
11990.40764570
12104.02977467
12218.33324432
12333.32216740
12448.98968935
12565.34129381
12682.38657713
12800.11731386
12918.53624582
13037.65022755
13157.45925903
13277.96334028
13399.15835857
13521.04294300
13643.62806082
13766.90411568
13890.88344574
14015.56605101
14140.94644785
14267.03011990
14393.81295443
14521.29632235
14649.49256182
14778.39756012
14908.00857544
15038.31464052
15169.33494806
15301.06401443
15433.49772692
15566.64568186
15700.50787926
15835.08569002
15970.37363052
16106.37581348
16243.10183525
16380.54347038
16518.69523525
16657.56809711
16797.16479778
16937.48122454
17078.51326466
17220.27051449
17362.75160313
17505.95790148
17649.88940954
17794.53653097
17939.91297483
18086.02148294
18232.84423351
18380.39904833
18528.68866920
18677.70212889
18827.44354010
18977.92798281
19129.14174795
19281.08483553
19433.76821280
19587.18228340
19741.33801460
19896.22855186
20051.84978247
20208.21130276
20365.30214548
20523.12916517
20681.70195818
20841.01641178
21001.06841326
21161.85384989
21323.38505983
21485.65107584
21648.67520332
21812.42865324
21976.93336010
22142.17561483
22308.15541744
22474.88784790
22642.36330986
22810.57083607
22979.53784466
23149.23691750
23319.69821453
23490.89980125
23662.86087036
23835.55948734
24009.01758671
24183.21871758
24358.16562176
24533.86926651
24710.31594276
24887.51661777
25065.46854973
25244.17996407
25423.64537716
25603.85656357
25784.82449055
25966.54093266
26149.02234077
26332.23581314
26516.21973515
26700.95765591
26886.46054268
27072.71468639
27259.71734524
27447.47126102
27635.98465919
27825.24657249
28015.27345181
28206.04884624
28397.58372307
28589.90275860
28782.94837475
28976.76992416
29171.35095596
29366.68050289
29562.77501583
29759.63175297
29957.26168156
30155.64560890
30354.75337505
30554.63707447
30755.29944897
30956.74324036
31158.92183781
31361.84895039
31565.54377079
31770.00081539
31975.23379326
32181.22351170
32387.98367977
32595.50058842
32803.77972126
33012.81285286
33222.59175777
33433.13288689
33644.47462559
33856.55117035
34069.39542294
34283.01560879
34497.37608433
34712.49330044
34928.38919163
35145.04182339
35362.45667934
35580.64198494
35799.59499836
36019.29926872
36239.77947235
36461.01641655
36682.99913406
36905.76601028
37129.28962708
37353.59191895
37578.64546776
37804.46946621
38031.03649616
38258.37397575
38486.47367954
38715.34383297
38944.96798515
39175.39274693
39406.57699108
39638.49878311
39871.18279934
40104.63726521
40338.83202076
40573.81641865
40809.58771706
41046.08833790
41283.34844112
41521.37625217
41760.14709473
41999.70757961
42240.01109600
42481.07957840
42722.92125225
42965.52789211
43208.89949799
43453.01961899
43697.91293144
43943.56846809
44189.99171257
44437.16347218
44685.08648872
44933.79914761
45183.27403069
45433.47001076
45684.44466591
45936.17606163
46188.66419792
46441.93100929
46695.92714310
46950.71291924
47206.23350143
47462.48888969
47719.52295303
47977.31375694
48235.88871956
48495.19848824
48755.29241562
49016.10469818
49277.68468857
49540.04883766
49803.15327644
50067.02542305
50331.63237572
50597.00155258
50863.10005188
51129.98270988
51397.63307571
51666.02921486
51935.21499634
52205.12461662
52475.80194473
52747.20859528
53019.37747002
53292.31405258
53565.99640846
53840.41357040
54115.58198929
54391.49618149
54668.17808151
54945.62768936
55223.82855415
55502.72583961
55782.41825104
56062.83450127
56344.04039383
56625.96464157
56908.65111351
57192.02303886
57476.17912292
57761.11388206
58046.74506187
58333.22072029
58620.37634850
58908.34903717
59196.97427750
59486.35077477
59776.46207809
60067.32463837
60358.93297195
60651.27062798
60944.33760643
61238.20519447
61532.81855583
61828.15027237
62124.20582771
62421.02360725
62718.57619286
63016.90196991
63315.91320038
63615.68665504
63916.17846489
64217.43249893
64519.44875717
64822.21627235
65125.65279007
65429.85153198
65734.76862907
66040.46988487
66346.90594673
66654.08229828
66961.93861961
67270.56264877
67579.94890213
67890.03157616
68200.88195801
68512.46714592
68824.75423813
69137.74323463
69451.48348808
69765.94209671
70081.17389679
70397.06921577
70713.73772621
71031.11910820
71349.30109978
71668.17402840
71987.74886131
72308.00914764
72628.97133827
72950.72317123
73273.15497398
73596.32158279
73920.20106316
74244.83180046
74570.21379471
74896.34704590
75223.16026688
75550.68087578
75878.94725800
76207.86070824
76537.51993179
76867.90299416
77199.04279709
77530.87353706
77863.41714859
78196.70653343
78530.61556816
78865.29779434
79200.69289207
79536.86118126
79873.75879288
80211.25960350
80549.53908920
80888.49306107
81228.23119164
81568.65477562
81909.76929665
2.27723263
2.26962666
2.26852717
2.27007265
2.27317603
2.27729446
2.28212861
2.28749959
2.29329396
2.29943609
2.30587375
2.31256812
2.31949120
2.32662236
2.33394561
2.34144694
2.34911815
2.35695043
2.36493617
2.37307118
2.38135106
2.38977160
2.39833000
2.40702506
2.41585458
2.42481616
2.43390879
2.44313229
2.45248684
2.46196965
2.47158172
2.48132324
2.49119463
2.50119707
2.51132957
2.52159132
2.53198514
2.54251101
2.55317094
2.56396394
2.57489359
2.58595750
2.59715727
2.60849771
2.61997680
2.63159716
2.64335898
2.65526667
2.66731942
2.67952064
2.69187052
2.70437087
2.71702489
2.72983378
2.74280013
2.75592656
2.76921466
2.78266663
2.79628488
2.81007320
2.82403140
2.83816527
2.85247563
2.86696686
2.88164278
2.89650137
2.91155106
2.92679402
2.94223188
2.95786982
2.97371065
2.98975958
3.00601840
3.02249411
3.03919152
3.05611124
3.07326265
3.09064477
3.10826659
3.12613072
3.14424597
3.16261432
3.18124439
3.20014038
3.21930709
3.23875433
3.25848549
3.27850898
3.29883260
3.31946156
3.34040546
3.36167330
3.38327049
3.40520703
3.42749132
3.45013297
3.47313959
3.49652597
3.52029812
3.54446805
3.56904817
3.59404767
3.61948056
3.64535845
3.67169374
3.69850084
3.72579216
3.75358410
3.78188946
3.81072547
3.84010571
3.87005141
3.90057656
3.93169637
3.96343647
3.99581124
4.02884471
4.06255487
4.09696055
4.13209214
4.16796407
4.20460514
4.24204136
4.28029674
4.31939850
4.35937185
4.40024880
4.44205736
4.48482475
4.52858818
4.57337846
4.61922882
4.66617446
4.71425461
4.76350167
4.81396008
4.86566663
4.91866496
4.97299588
5.02870262
5.08583358
5.14443240
5.20455229
5.26623608
5.32954178
5.39452303
5.46123025
5.52972306
5.60006069
5.67230396
5.74651011
5.82274355
5.90107313
5.98156606
6.06429359
6.14932134
6.23672695
6.32658444
6.41897466
6.51397644
6.61167382
6.71214882
6.81548510
6.92177869
7.03112004
7.14359718
7.25931335
7.37836541
7.50085499
7.62688454
7.75656212
7.88999896
8.02730792
8.16859945
8.31399440
8.46361363
8.61758599
8.77602994
8.93907672
9.10686322
9.27952227
9.45719235
9.64001512
9.82813624
10.02170859
10.22087941
10.42581040
10.63665200
10.85356751
11.07672819
11.30629491
11.54245016
11.78536520
12.03522414
12.29220303
12.55649557
12.82828904
13.10779233
13.39518392
13.69067671
13.99447719
14.30679986
14.62785120
14.95785851
15.29704430
15.64563427
16.00385731
16.37194553
16.75014384
17.13869075
17.53785036
17.94787080
18.36900017
18.80150419
19.24564698
19.70170386
20.16995495
20.65067718
21.14414106
21.65064594
22.17049914
22.70398400
23.25140624
23.81308281
24.38931624
24.98043148
25.58675187
26.20859595
26.84631108
27.50022541
28.17068627
28.85804104
29.56262586
30.28482810
31.02499672
31.78352548
32.56075375
33.35706569
34.17285829
35.00851570
35.86444451
36.74103209
37.63867222
38.55777788
39.49879727
40.46212736
41.44818115
42.45741322
43.49024937
44.54717942
45.62859714
46.73499876
47.86679725
49.02449524
50.20855693
51.41944013
52.65766667
53.92370396
55.21800660
56.54113484
57.89354967
59.27576974
60.68830728
62.13175773
63.60662053
65.11336949
66.65257446
68.22479249
69.83057421
71.47047669
73.14506976
74.85490409
76.60051750
78.38257588
80.20162350
82.05821738
83.95304903
85.88668192
87.85967948
89.87273322
91.92637459
94.02130789
96.15810297
98.33744494
100.55997409
102.82635631
105.13726389
107.49330511
109.89515227
112.34353529
114.83906885
117.38247005
119.97441761
122.61567987
125.30684588
128.04870959
130.84196253
133.68732180
136.58549171
139.53727903
142.54334965
145.60449752
148.72145257
151.89498314
155.12585756
158.41480577
161.76266014
165.17017619
168.63805824
172.16720269
175.75853155
179.41258266
183.13025241
186.91247562
190.75999502
194.67368140
198.65434151
202.70273089
206.81984839
211.00629587
215.26316181
219.59120175
223.99138892
228.46441483
233.01132955
237.63302946
242.33020609
247.10398633
251.95521535
256.88468711
261.89350290
266.98237984
272.15226553
277.40408201
282.73887932
288.15757949
293.66107890
299.25032519
304.92641963
310.68995129
316.54225197
322.48416683
328.51672033
334.64070642
340.85717518
347.16753522
353.57224755
360.07256713
366.66939035
373.36386973
380.15697850
387.04984356
394.04333569
401.13850497
408.33637584
415.63792154
423.04444825
430.55680115
438.17618396
445.90349309
453.74006033
461.68670524
469.74445228
477.91463323
486.19842622
494.59690694
503.11048515
511.74105611
520.48923448
529.35660817
538.34399674
547.45262954
556.68337736
566.03762321
575.51669888
585.12142394
594.85313017
604.71284203
614.70148154
624.82032925
635.07092185
645.45433503
655.97133711
666.62331112
677.41133273
688.33693862
699.40140937
710.60535964
721.95037734
733.43769182
745.06802019
756.84325770
768.76422390
780.83245549
793.04861836
805.41435163
817.93062855
830.59898578
843.42029411
856.39583413
869.52755228
882.81585835
896.26182802
909.86720286
923.63341711
937.56221235
951.65399835
965.91031179
980.33248447
994.92164329
1009.67901759
1024.60583672
1039.70435448
1054.97518554
1070.41914947
1086.03757806
1101.83221288
1117.80407839
1133.95450637
1150.28513595
1166.79699160
1183.49130265
1200.37052780
1217.43497439
1234.68546197
1252.12434679
1269.75265332
1287.57099621
1305.58203906
1323.78547452
1342.18406864
1360.77843606
1379.56980616
1398.55992049
1417.75062308
1437.14304082
1456.73830062
1476.53691471
1496.54195644
1516.75260626
1537.17255220
1557.80199915
1578.64268869
1599.69554283
1620.96240558
1642.44399406
1664.14184496
1686.05729006
1708.19309540
1730.54885119
1753.12722102
1775.93035623
1798.95784706
1822.21092284
1845.69183737
1869.40345913
1893.34353432
1917.51698032
1941.92338735
1966.56398475
1991.44123122
2016.55553654
2041.91038385
2067.50495359
2093.34170446
2119.42207068
2145.74707672
2172.31692746
2199.13551584
2226.20366141
2253.52259353
2281.09210730
2308.91486630
2336.99291945
2365.32811075
2393.92207935
2422.77503014
2451.88798755
2481.26177117
2510.90047881
2540.80267623
2570.97164169
2601.40880942
2632.11622834
2663.09389845
2694.34325397
2725.86675361
2757.66419247
2789.73884881
2822.09154218
2854.72514108
2887.63903081
2920.83485052
2954.31649312
2988.08190972
3022.13540301
3056.47533387
3091.10518545
3126.02618709
3161.24100238
3196.74799219
3232.55084455
3268.65201816
3305.05253747
3341.75178781
3378.75345722
3416.05959460
3453.66712660
3491.58219993
3529.80583906
3568.33886355
3607.17963427
3646.33347839
3685.79916656
3725.57751834
3765.67836851
3806.09352142
3846.82707489
3887.88271695
3929.26003784
3970.96026689
4012.98586279
4055.34010381
4098.02176058
4141.03370160
4184.37674642
4228.05171460
4272.06229419
4316.40725583
4361.08905822
4406.10934049
4451.46974176
4497.17231095
4543.21786761
4589.60600197
4636.34327054
4683.42680484
4730.86070269
4778.64332497
4826.77549124
4875.26170909
4924.10279810
4973.30080718
5022.85819501
5072.77250290
5123.05274606
5173.68949950
5224.69259799
5276.05958283
5327.79537141
5379.89709526
5432.37008154
5485.21310091
5538.42984140
5592.01743454
5645.97956836
5700.32116026
5755.04425913
5810.14312804
5865.62801152
5921.49358243
5977.74066031
6034.37621146
6091.39367938
6148.79962057
6206.59813285
6264.78675753
6323.37041199
6382.34704733
6441.72076136
6501.49073452
6561.65901572
6622.22765386
6683.19951743
6744.57460642
6806.35742843
6868.54265630
6931.13684654
6994.14081872
7057.55539238
7121.38138711
7185.62126160
7250.27173758
7315.33773243
7380.82006574
7446.72939181
7513.05833459
7579.80689406
7646.98080719
7714.58007395
7782.60633349
7851.05876625
7919.93901134
7989.25034702
8058.99031460
8129.16792929
8199.77417588
8270.82134783
8342.30452776
8414.22945261
8486.59448326
8559.40289795
8632.65715539
8706.35315776
8780.49418330
8855.08678854
8930.12933433
9005.61936200
9081.56096935
9157.95825422
9234.80875790
9312.11821735
9389.87515867
9468.09351444
9546.77656293
9625.91856718
9705.52772284
9785.59583426
9866.13191664
9947.13842869
10028.61209214
10110.55126786
10192.96661019
10275.85893869
10359.22087729
10443.05980206
10527.37243474
10612.17106879
10697.44504988
10783.20175409
10869.44200099
10956.16333187
11043.36492717
11131.05662167
11219.24087405
11307.91030824
11397.06902206
11486.71783507
11576.86002553
11667.49641299
11758.62699747
11850.25669634
11942.39288568
12035.02736986
12128.16178799
12221.79941833
12315.93862176
12410.58841348
12505.73731959
12601.38697922
12697.55542278
12794.22707856
12891.41833782
12989.12756145
13087.34163642
13186.08596921
13285.33925116
13385.10066271
13485.39315164
13586.20360494
13687.53448129
13789.39151764
13891.77471399
13994.68898773
14098.12450409
14202.09109783
14306.58876896
14411.61587834
14517.17570424
14623.26496840
14729.89514470
14837.05639839
14944.75200772
15052.99508572
15161.76596284
15271.08266950
15380.95667958
15491.36832356
15602.31924057
15713.82910013
15825.87823272
15938.49286437
16051.64840817
16165.34486413
16279.60190177
16394.41296458
16509.77477431
16625.69880486
16742.18505621
16859.22533274
16976.83110833
17094.99582648
17213.71784806
17333.01028609
17452.86166668
17573.27690721
17694.27239895
17815.82847238
17937.95660138
18060.65678596
18183.92246962
18307.76840448
18432.17819929
18557.17480183
18682.75165558
18808.90220404
18935.62972546
19062.93094158
19190.82224369
19319.29379702
19448.33904505
19577.98421383
19708.20963383
19839.02677894
19970.43728828
20102.43624449
20235.02528667
20368.20769310
20501.97690725
20636.34276390
20771.32001519
