1333309.15123224
1337530.27766943
1341471.72793746
1345069.24077868
1348498.09110165
1351834.92675424
1355119.79460716
1358378.58542800
1361626.47977471
1364874.37412143
1368129.62591648
1371397.91622758
1374681.38709664
1377983.57754946
1381306.53649569
1384651.19525790
1388017.74010062
1391407.84740448
1394821.42403722
1398258.19060206
1401718.89215708
1405203.24930549
1408710.88951826
1412241.71966314
1415796.67106271
1419374.43986535
1422974.93293881
1426598.05715084
1430244.09189820
1433912.94404864
1437603.58914733
1441316.67912006
1445052.49336362
1448809.54176188
1452588.75563741
1456388.92427087
1460210.97898483
1464054.73351479
1467919.53593493
1471805.85190654
1475713.21576834
1479641.81378484
1483591.55282378
1487562.24662066
1491553.80204320
1495566.12595916
1499599.12523627
1503653.91746163
1507728.82625461
1511824.31727648
1515940.85618854
1520077.88419724
1524235.86696386
1528415.64267874
1532615.16243219
1536835.91634035
1541077.90440321
1545340.56782722
1549624.46540594
1553928.75894904
1558254.93857265
1562601.32789612
1566969.78956461
1571358.55406523
1575768.55272055
1580200.34432411
1584652.81128883
1589126.88493729
1593622.75153399
1598139.47975636
1602677.62839794
1607237.75625229
1611819.11826134
1616422.64574766
1621048.71124029
1625695.82462311
1630365.66227674
1635057.29287863
1639771.08895779
1644507.79557228
1649265.92260599
1654047.14643955
1658850.16322136
1663676.27680302
1668524.18333292
1673395.55919170
1678289.47305679
1683207.04251528
1688146.59118652
1693110.16798019
1698097.40036726
1703107.35702515
1708140.41048288
1713198.23712111
1718279.34682369
1723384.67091322
1728512.90553808
1733665.54081440
1738842.57674217
1744043.64079237
1749269.29175854
1754519.52964067
1759794.54070330
1765094.51121092
1770419.06863451
1775768.77176762
1781142.68928766
1786542.49757528
1791968.38289499
1797418.85513067
1802895.59066296
1808396.91311121
1813924.87138510
1819479.09295559
1825058.64650011
1830665.02213478
1836297.28853703
1841956.37702942
1847642.66014099
1853354.83402014
1859094.57504749
1864860.95190048
1870655.26843071
1876476.96584463
1882325.29908419
1888201.38573647
1894105.22580147
1900037.56433725
1905997.65628576
1911986.43296957
1918002.59053707
1924047.80536890
1930122.26372957
1936224.47550297
1942357.04839230
1948518.11975241
1954708.62090588
1960928.36558819
1967177.35379934
1973456.88939095
1979765.85477591
1986104.43621874
1992473.00624847
1998872.86871672
2005303.65109444
2011764.23579454
2018255.92666864
2024779.09624577
2031332.62693882
2037918.19512844
2044534.68322754
2051183.20882320
2057863.02685738
2064575.99997520
2071320.26553154
2078096.75484896
2084905.46792746
2091747.33608961
2098621.98680639
2105529.42007780
2112470.56722641
2119444.31066513
2126452.32677460
2133493.49796772
2140568.94183159
2147679.40342426
2154823.02010059
2162001.65450573
2169214.37531710
2176462.30012178
2183744.87012625
2191063.01665306
2198415.62211514
2205803.99036407
2213229.05272245
2220689.13280964
2228185.72074175
2235717.51266718
2243287.11628914
2250892.11016893
2258534.72948074
2266215.16048908
2273932.47187138
2281686.84989214
2289479.03960943
2297309.04102325
2305176.10907555
2313083.03773403
2321026.28797293
2329008.84002447
2337031.25268221
2345090.91824293
2353191.37573242
2361330.01744747
2369508.33350420
2377727.06896067
2385985.66502333
2394284.86675024
2402624.30161238
2411004.15587425
2419425.36085844
2427887.35777140
2436390.51914215
2444933.72738361
2453520.52152157
2462147.92132378
2470817.41690636
2479529.38079834
2488283.25420618
2497080.34098148
2505920.26859522
2514803.22331190
2523729.39139605
2532700.26296377
2541715.09295702
2550772.76378870
2559875.88316202
2569022.02963829
2578213.62465620
2587449.17809963
2596729.80755568
2606056.44434690
2615428.52967978
2624846.62234783
2634311.28114462
2643821.01595402
2653377.50315666
2662980.37022352
2672630.92100620
2682326.73406601
2692072.09348679
2701862.90144920
2711702.69697905
2721590.36248922
2731525.89797974
2741510.23477316
2751544.11792755
2761625.49853325
2771756.98429346
2781938.38894367
2792168.78116131
2802449.09226894
2812779.13600206
2823159.84368324
2833591.77410603
2844074.36847687
2854608.18558931
2865191.73532724
2875828.55671644
2886516.22831821
2897256.61277771
2908049.33756590
2918894.21641827
2929791.43559933
2940742.29896069
2951746.06144428
2962803.65437269
2973916.38159752
2985081.07662201
2996300.34714937
3007575.86956024
3018904.10482883
3030287.47439384
3041727.46837139
3053222.22411633
3064773.41800928
3076380.11872768
3088043.81638765
3099762.83460855
3111539.78109360
3123373.53825569
3135264.66488838
3147211.67087555
3159218.65403652
3171281.51655197
3183403.98371220
3195585.68298817
3207825.12426376
3220124.17018414
3232481.33063316
3244898.84078503
3257376.70063972
3269915.28272629
3282512.72439957
3295171.63336277
3307892.75467396
3320672.36304283
3333514.92881775
3346419.33441162
3359386.32488251
3372414.03758526
3385505.08022308
3398658.70773792
3411875.66518784
3425155.58004379
3438499.56989288
3451907.63473511
3465379.77457047
3478914.87181187
3492517.02427864
3506183.25173855
3519914.67177868
3533711.28439903
3547572.34454155
3561501.57749653
3575494.88544464
3589557.48379230
3603684.52966213
3617880.49340248
3632142.39478111
3646473.58655930
3660871.83356285
3675338.99843693
3689873.21853638
3704477.10156441
3719149.52993393
3733891.62123203
3748704.12051678
3763586.28273010
3778539.59798813
3793562.20364571
3808655.58981895
3823820.87409496
3839055.82129955
3854363.03913593
3869742.15507507
3885194.28670406
3900717.57137775
3916314.24427032
3931983.93285275
3947727.38218307
3963543.84720325
3979434.81802940
3995399.17707443
4011438.41445446
4027553.27522755
4043741.89674854
4060004.65154648
4076344.14732456
4092760.38408279
4109250.75411797
4125820.84536552
4142465.81494808
4159187.89803982
4175987.83969879
4192865.63992500
4209818.31848621
4226851.46331787
4243962.83924580
4261153.56385708
4278422.51956463
4295768.58878136
4313198.47702980
4330706.96890354
4348295.55451870
4365963.86134624
4383713.75203133
4401542.99139977
4419454.18715477
4437450.69205761
4455526.17311478
4473684.72814560
4491924.86703396
4510248.07989597
4528655.48431873
4547144.84512806
4565717.65244007
4584375.39637089
4603117.70439148
4621944.20397282
4640856.01270199
4659853.50310802
4678935.18507481
4698102.54871845
4717356.71162605
4736696.18368149
4756123.57258797
4775637.38822937
4795239.12072182
4814928.39753628
4834705.21867275
4854570.32918930
4874526.33678913
4894566.90847874
4914697.63219357
4934917.39034653
4955228.04558277
4975628.48031521
4996118.32201481
5016700.55091381
5037372.18677998
5058135.46478748
5078990.75746536
5099936.57469749
5120974.40660000
5142104.25317287
5163328.72211933
5184645.20573616
5206054.82161045
5227557.56974220
5249153.45013142
5270844.69795227
5292628.70550156
5314508.08048248
5336482.82289505
5358554.42285538
5380721.01771832
5402984.47012901
5425340.68226814
5447795.24207115
5470345.16930580
5492994.56179142
5515739.32170868
5538582.80181885
5561523.51200581
5584565.92261791
5607705.56330681
5630942.80660152
5654279.88767624
5677717.17905998
5701251.70052052
5724887.92240620
5748623.60954285
5772459.13445950
5796397.84991741
5820436.03062630
5844577.77440548
5868821.96366787
5893165.61818123
5917612.83576488
5942162.87136078
5966813.48979473
5991570.27900219
6016430.63127995
6041394.54662800
6066464.26022053
6091636.41929626
6116916.61179066
6142300.73988438
6167788.80357742
6193383.41057301
6219083.44328403
6244891.13688469
6270804.25620079
6296823.91881943
6322952.35991478
6349185.10913849
6375528.12695503
6401980.66830635
6428540.49801826
6455207.61609077
6481985.74781418
6508871.16789818
6535866.85657501
6562972.81384468
6590188.29464912
6617514.78910446
6644953.78732681
6672503.05414200
6700162.58955002
6727934.62872505
6755817.68155098
6783814.72826004
6811922.78862000
6840144.84286308
6868477.16569901
6896927.20770836
6925488.26336861
6954162.56785393
6982951.61128044
7011856.88376427
7040876.89518929
7070012.39061356
7099264.11509514
7128630.57851791
7158113.27099800
7187712.93759346
7217427.34313011
7247257.97772408
7277207.82160759
7307274.63960648
7337460.66689491
7367763.66829872
7398185.87899208
7428722.82862663
7459381.96778297
7490161.06128693
7521060.85419655
7552078.36627960
7583215.83271027
7614476.97877884
7645857.33413696
7677356.15372658
7708980.14307022
7740722.59664536
7772587.98480034
7804575.56247711
7836685.32967567
7868919.52157021
7901275.90298653
7933755.21898270
7966358.95967484
7999084.14483070
8031935.24479866
8064912.25957870
8098011.46388054
8131238.81816864
8164589.85209465
8198069.78106499
8231669.66438293
8265399.93286133
8299252.39086151
8333236.72413826
8367346.22716904
8401577.17466354
8435945.21284103
8470435.44054031
8505055.30834198
8539803.32612991
8574678.00378799
8609684.55672264
8644817.76952744
8680082.11255074
8715477.58579254
8751000.46396255
8786655.96246719
8822439.61095810
8858356.62484169
8894406.25905991
8930584.78832245
8966897.42803574
9003342.68808365
9039918.33329201
9076625.10871887
9113465.99459648
9150442.48104095
9187547.11747169
9224788.09952736
9262168.40744019
9299675.37522316
9337323.15897942
9375096.85754776
9413012.86220551
9451059.99708176
9489246.45781517
9527564.04876709
9566023.20075035
9604618.69835854
9643349.79653358
9682215.00515938
9721218.79458427
9760358.18457603
9799642.86088943
9839060.15753746
9878619.01521683
9918316.45369530
9958150.23779869
9998121.85764313
10038237.27369308
10078487.54525185
10118880.12290001
10159410.53628922
10200083.25576782
10240898.28133583
10281854.86793518
10322950.78039169
10364191.23411179
10405570.26863098
10447089.37406540
10488753.76582146
10530559.71860886
10572509.46760178
10614600.77762604
10656837.37397194
10699217.76652336
10741742.70033836
10784412.92047501
10827225.44670105
10870184.74936485
10913283.37788582
10956536.23342514
10999929.90493774
11043469.60783005
11087153.10692787
11130987.85281181
11174965.64984322
11219089.47825432
11263361.57321930
11307778.20944786
11352343.85728836
11397054.79145050
11441919.20757294
11486927.41990089
11532087.62407303
11577393.85962486
11622852.08702087
11668461.56120300
11714216.32170677
11760123.07405472
11806176.60284042
11852385.84876060
11898739.63594437
11945251.37543678
11991911.38148308
12038720.39914131
12085680.66358566
12132791.42975807
12180059.40318108
12227477.13327408
12275046.11015320
12322767.07887650
12370648.23508263
12418676.16772652
12466859.07244682
12515197.69430161
12563690.54317474
12612336.87400818
12661144.13738251
12710100.41236877
12759211.65943146
12808476.38845444
12857902.05001831
12907479.70342636
12957210.83879471
13007098.43635559
13057146.96645737
13107348.97851944
13157704.47254181
13208219.40898895
13258893.78786087
13309718.66846085
13360705.97171783
13411857.18774796
13463160.39562225
13514624.53603745
13566248.11887741
13618032.63425827
13669973.61183167
13722077.01206207
13774336.87448502
13826760.64968109
13879340.88706970
13932083.54711533
13984985.64958572
14038050.17471313
14091275.63238144
14144660.53247452
14198209.34534073
14251916.11051559
14305788.27857971
14359819.88906860
14414013.92221451
14468373.35824966
14522893.72682571
14577582.47852325
14632429.18252945
14687439.79930878
14742615.81897736
14797952.77118683
14853459.59663391
14909128.84473801
14964964.98584747
15020960.56938171
15077123.04592133
15133453.90558243
15189951.65824890
15246611.83357239
15303441.88213348
15360431.37311935
15417589.24722672
15474921.46492004
15532416.10527039
15590074.65839386
15647904.57487106
15705905.85470200
15764063.59672546
15822400.15268326
15880902.11153030
15939569.47326660
15998405.21812439
16057413.81645203
16116593.77813339
16175943.61305237
16235457.36074448
16295140.98167419
16355000.43630600
16415023.80371094
16475224.49493408
16535590.58904648
16596126.55639648
16656836.86733246
16717717.05150604
16778768.59903336
16839991.50991440
16901381.31380081
16962948.44150543
17024686.93256378
17086602.74744034
17148683.96520615
17210941.01667404
17273370.92161179
17335978.15036774
17398755.25236130
17461706.69794083
17524830.99699020
17588126.65939331
17651607.09619522
17715251.44577026
17779074.60927963
17843075.09660721
17907242.47694016
17971587.18109131
18036109.20906067
18100805.58061600
18165680.76610565
18230728.80506516
18295955.65795898
18361359.83467102
18426944.31543350
18492698.66943359
18558634.81760025
410646.27002925
411229.18948531
411904.22605723
412575.69333538
413239.63087052
413897.30991796
414551.32188275
415204.30706441
415858.12345147
416514.38456029
417174.50832948
417839.22817558
418509.22862068
419185.09639800
419867.27155745
420555.60741574
421250.64181164
421952.22806185
422660.31727195
423375.00723079
424096.29793838
424824.18939471
425558.38823318
426299.04113710
427046.14810646
427799.26909134
428558.69745836
429324.09094647
430095.35176679
430872.57770821
431655.71987629
432444.33822110
433238.72610927
434038.59017417
434843.93041581
435655.04020080
436471.18611261
437292.71041229
438119.56420541
438951.45412534
439788.82022202
440631.17355108
441478.46521810
442330.89080080
443188.35251033
444050.85034668
444918.04204881
445790.22098333
446666.99599475
447548.85602742
448435.45882031
449326.70658454
450223.03937003
451123.96823242
452029.44427729
452939.90755454
453854.62464765
454774.37786758
455698.43379781
456627.28138268
457560.72504446
458498.81367758
459441.59617648
460388.87696341
461340.90051055
462297.27566242
463258.10020790
464223.96088019
465193.97757947
466168.83482784
467148.09257537
468131.89750537
469120.39630115
470113.63785714
471111.18212342
472113.32246661
473120.25446445
474131.68475032
475147.61332422
476168.13797504
477193.25870275
478222.87771851
479257.28838891
480296.29513621
481339.94685486
482388.24354485
483441.08741730
484498.62515554
485561.05233729
486628.02670151
487699.79272038
488776.25260502
489857.11298883
490942.96060503
492033.30650926
493128.59075144
494228.66664827
495333.33862200
496442.85114482
497557.25311115
498676.39783770
499800.43200776
500929.20893803
502063.02199513
503201.62670687
504345.07196769
505493.45556647
506646.72860876
507805.03777787
508968.28528494
510136.37334108
511309.59531292
512487.70672828
513670.80537602
514859.18462276
516052.50220746
517250.70923567
518454.05017957
519662.76951134
520876.32939219
522095.31655535
523319.38873976
524548.69262874
525783.22822228
527022.94662595
528267.84783974
529517.98075810
530773.44316989
532034.33286399
533300.60094595
534572.14962691
535849.02780131
537131.52883574
538419.26157475
539712.56827936
541011.35116071
542315.61021879
543625.34545362
544940.60575962
546261.48892567
547587.94605732
548920.31941563
550257.92447850
551601.34797916
552950.29655099
554305.11245504
555665.84458575
557032.10178763
558404.22632173
559782.16929361
561166.02849215
562555.70612848
563951.25109702
565352.76118666
566760.13860852
568173.57894033
569592.88660437
571018.35496724
572449.88624007
573887.28484511
575330.99083230
576780.90641275
578236.83600873
579699.02409241
581167.42176935
582642.17572287
584123.13926965
585610.45909300
587104.08629850
588604.02088612
590110.31175032
591623.20336327
593142.59793609
594668.54436323
596200.79817250
597739.65273052
599285.10803729
600837.26188168
602395.96758038
603961.46960557
605533.67016837
607112.47147992
608698.41137901
610290.95202684
611890.33789560
613496.61787972
615109.74308476
616730.05577177
618357.01810196
619991.07012525
621632.01626390
623280.24767339
624935.56877598
626598.12625498
628267.82232150
629944.70587000
631629.02137265
633320.62214613
635019.41040158
636725.53282231
638438.94051388
640159.87794846
641888.24733719
643623.95089120
645367.57534370
647118.58285591
648877.31568888
650643.57826486
652417.85952821
654199.27937910
655988.91349509
657786.22403741
659591.25990048
661404.36334535
663225.14321655
665054.13735285
666891.10128209
668736.03500426
670589.23188597
672450.39856061
674319.97507811
676197.61917740
678083.52643624
679977.50127688
681880.17932698
683790.97385332
685710.12932807
687637.84132898
689574.06096160
691518.98380369
693472.21869975
695434.20569971
697405.04259244
699384.24043357
701372.48374522
703369.23468858
705375.27557462
707389.82409239
709413.41808066
711445.91085613
713487.15573549
715537.93502972
717597.90647775
719666.82560742
721744.98578534
723832.33811706
725928.78481373
728034.57034752
730150.03697947
732275.03802627
734409.28012133
736553.10552567
738706.70981705
740869.84852329
743042.37496108
745225.12033582
747417.40012541
749619.36101317
751831.10078797
754053.10839415
756284.99267623
758526.80252865
760778.39126810
763040.68788886
765312.91007996
767595.10673583
769887.76680082
772190.74359164
774504.37936932
776828.38076726
779162.55220771
781507.43152946
783862.67647147
786228.62929478
788605.33889383
790992.75637418
793390.97952470
795799.71497878
798219.84283626
800650.77636391
803092.66224504
805545.50047964
808009.63332877
810485.01189798
812971.34282067
815469.26172450
817978.42634842
820498.49443138
823030.44386208
825574.03016835
828129.15556133
830695.52667439
833274.31697398
835864.15741593
838466.31925553
841079.92239296
843705.84692806
846343.60391647
848993.38893592
851655.00640869
854329.33643460
857015.49891382
859713.78721297
862424.39690977
865147.71915972
867883.55838507
870631.71900809
873392.29881763
876166.17791355
878952.08504051
881751.09587610
884562.91705370
887387.45078444
890225.08822381
893075.73158294
895939.57643956
898816.13384932
901706.18612319
904609.53768343
907526.18853003
910456.13866299
913399.58366007
916356.42573237
919326.86045766
922310.88783592
925309.19238925
928320.89401782
931346.28608823
934385.85754484
937439.31502104
940507.14746118
943588.76813203
946684.27482247
949794.44984347
952918.80425066
956057.72919953
959210.93132347
962378.70398909
965561.43835187
968758.64546746
971970.22754699
975197.26026803
978438.08121979
981694.64617968
984966.46620333
988252.75897980
991554.79576439
994871.59866840
998203.75442505
1001551.45861208
1004914.32007402
1008292.82775521
1011687.17723340
1015097.27071971
1018522.52148092
1021963.80961686
1025421.52628303
1028894.59580183
1032383.89827311
1035889.33590800
1039410.81091762
1042948.71445745
1046502.94873863
1050073.22039455
1053660.40952504
1057264.22276348
1060884.75789875
1064521.62377536
1068175.60270429
1071846.79247439
1075534.21519697
1079238.84876072
1082960.39979905
1086699.84620064
1090455.81892133
1094229.58921641
1098020.27698606
1101828.76233011
1105655.04524857
1109498.93016368
1113360.22149771
1117239.79935050
1121136.78362221
1125052.15220153
1128985.70951074
1132936.96660548
1136906.60800785
1140894.63371783
1144901.14152431
1148925.74027181
1152969.60342675
1157031.16636723
1161111.70034856
1165211.69431508
1169329.77922261
1173466.93295985
1177623.35110456
1181798.34913462
1185993.19830537
1190207.11630583
1194440.20092487
1198693.13668460
1202965.63021839
1207257.48594850
1211569.29060817
1215901.04419738
1220252.94229388
1224624.59374219
1229016.19412005
1233428.23237181
1237860.31734198
1242312.74239719
1246785.50753742
1251278.41718495
1255791.96028411
1260326.91914588
1264882.12030381
1269458.24827999
1274055.88980764
1278673.57805371
1283313.17100674
1287973.69077802
1292655.33294529
1297358.87981951
1302083.45130086
1306829.73191142
1311597.81944007
1316387.51830906
1321198.92630726
1326032.82574564
1330888.43431324
1335765.55643231
1340665.46335816
1345587.76393533
1350532.55595267
1355499.25267696
1360489.41873014
1365501.88064575
1370536.73621267
1375595.35447508
1380676.26859993
1385780.45647591
1390907.82031417
1396058.36011469
1401232.17366636
1406429.84770238
1411650.59991181
1416895.11481673
1422163.19683939
1427455.53050190
1432771.82243764
1438111.58370227
1443475.69439560
1448864.44788426
1454277.35522389
1459714.61199224
1465176.51155591
1470662.76054829
1476173.65233600
1481709.67586339
1487270.24439722
1492855.74909300
1498466.38552845
1504102.64264792
1509763.15140724
1515449.47642833
1521161.51992232
1526899.28188920
1532663.05569559
1538451.86345279
1544267.36757159
1550108.39458555
1555975.72680563
1561868.77749860
1567788.62234205
1573735.16354710
1579707.42322505
1585706.37926459
1591732.91176558
1597785.84726155
1603865.67469686
1609972.39407152
1616106.29875213
1622267.48652756
1628456.34855330
1634672.29809612
1640915.82410038
1647186.24204397
1653485.60549319
1659811.76309288
1666166.27946496
1672549.35018718
1678959.80179310
1685398.80774915
1691866.36805534
1698362.67828941
1704886.95614040
1711440.37507474
1718021.95720375
1724632.68041611
1731272.93586731
1737941.74566865
1744640.47886431
1751368.35314333
1758125.75966120
1764912.69841790
1771728.58268023
1778574.97707009
1785451.29485428
1792356.94929957
1799293.11387241
1806259.59299505
1813256.19108975
1820283.29931200
1827340.52650630
1834429.04613912
1841547.68474400
1848697.61578739
1855878.44811380
1863089.98614550
1870333.79450440
1877607.91741312
1884913.52833807
1892250.23612380
1899618.62750351
1907019.48478818
1914452.02566683
1921916.05456173
1929412.74493933
1936940.92333317
1944501.17647648
1952094.48225796
1959720.25394440
1967377.51364708
1975069.58618760
1982793.92905533
1990550.93340576
1998340.20808339
2006163.31771016
2014020.65344155
2021910.65065563
2029833.89608562
2037791.36762023
2045782.08737075
2053807.03322589
2061866.00960791
2069958.42978358
2078085.66279709
2086247.31749296
2094443.00271571
2102673.30519855
2110938.42051923
2119238.73983324
2127573.28525186
2135943.23024154
2144348.18364680
2152788.92777860
2161264.87590373
2169776.02802217
2178323.36202264
2186905.90001643
2195524.42431450
2204178.34818363
2212868.84509027
2221594.74156797
2230358.18897188
2239156.64479136
2247992.65153706
2256865.23132026
2265774.57971871
2274720.30557692
2283703.19120586
2292723.23660553
2301780.83293140
2310875.78460574
2320007.70047307
2329177.55842209
2338385.55403054
2347630.51383197
2356913.41571510
2366234.45525765
2375593.82803738
2384991.33847654
2394428.35561931
2403902.53253281
2413416.21614993
2422968.42858195
2432559.75656211
2442189.61335719
2451859.75916684
2461567.84705818
2471316.81069732
2481104.10757363
2490931.49788678
2500798.78605902
2510705.18977940
2520651.88251436
2530638.47310841
2540665.15713930
2550732.32576251
2560840.56571126
2570988.50794137
2581177.71707475
2591408.19311142
2601679.15374041
2611991.18569493
2622344.68013048
2632739.05031383
2643174.68740046
2653652.76485682
2664172.30479419
2674733.89394581
2685336.94557846
2695981.85084760
2706669.58764195
2717399.37365055
2728171.20887339
2738986.26677692
2749843.37389469
2760742.92138219
2771685.69155037
2782671.68439925
2793700.50877333
2804772.75140584
2815888.80345225
2827047.29586840
2838250.57558715
2849496.88240886
2860786.99864447
2872120.92429399
2883499.83282387
2894923.52865636
2906390.64274728
2917901.76182985
2929458.45052600
2941060.12210250
2952706.77655935
2964398.41389656
2976134.05622542
2987917.02836752
2999744.39665675
3011616.94340408
3023535.05976498
3035499.33247268
3047510.15268266
3059565.56461751
3071667.13289917
3083814.07521665
3096009.91196930
3108250.34044683
3120537.90315986
3132871.81779742
3145253.06224823
3157682.41882324
3170158.51847827
3182680.38332462
3195251.92491710
3207868.44938993
3220533.47714245
3233246.03028595
3246007.28228688
3258816.25525653
3271672.94919491
3284579.12430167
3297532.62922168
3310536.20204329
3323587.49583364
3336687.68405914
3349834.81094241
3363033.96150470
3376280.44188023
3389576.59900188
3402921.25940323
3416316.77001715
3429762.34853268
3443256.43032789
3456801.75349116
3470397.53571153
3484041.82121158
3497737.73923516
3511482.55169392
3525279.38783169
3539125.50956011
3553023.26381207
3566972.25943208
3580970.93179822
3595021.62784338
3609124.73872304
3623276.74403787
3637481.55534267
3651737.60801554
3666047.24898934
3680406.95786476
3694818.29926372
3709281.66434169
3723799.00887609
3738368.37708950
3752990.16013741
3767663.96686435
3782390.97073674
3797171.17175460
3812004.56991792
3826890.38291574
3841829.78421450
3856823.55612516
3871870.91633677
3886971.08253837
3902125.61935186
3917335.70024371
3932598.19597006
3947914.27999735
3963286.29925847
3978711.12450957
3994191.10268354
4009727.01609135
4025316.90895557
4040962.34589815
4056662.54460812
4072417.89624095
4088228.40079665
4104096.01405263
92633.37939046
92616.89236155
92654.39817682
92696.10105548
92741.78679334
92791.05375754
92843.45345804
92898.57087424
92956.16502641
93016.04179200
93077.95349741
93141.87336713
93207.59389084
93275.08159913
93344.30971649
93415.10420199
93487.46505566
93561.27848150
93636.48423459
93713.14925374
93791.14635522
93870.30819198
93950.79541719
94032.46745933
94115.30423677
94199.26558621
94284.31134438
94370.42812351
94457.56906644
94545.73417315
94634.87658650
94724.96283706
94815.97953709
94907.90660493
95000.75742835
95094.43159914
95188.99605609
95284.37716654
95380.56823658
95477.50902129
95575.32001054
95673.85393893
95773.13758200
95873.20440914
95973.98078768
96075.47341147
96177.71574995
96280.58731323
96384.18850955
96488.43231844
96593.35890319
96698.96826381
96805.23362476
96912.14159830
97019.71226605
97127.87199533
97236.69441883
97346.09251609
97456.13991981
97566.76969118
97678.00191185
97789.80311239
97902.21345611
98015.24633076
98128.81471589
98242.95208091
98357.68520134
98472.98730165
98588.86507573
98705.31182969
98822.28740025
98939.82525682
99057.93878715
99176.58113409
99295.75229762
99415.51921656
99535.78148270
99656.59934096
99777.92593418
99899.80811952
100022.19234593
100145.17232776
100268.66773842
100392.64510851
100517.17137685
100642.20638014
100767.75011839
100893.82267324
101020.41065693
101147.57431438
101275.21993127
101403.39436475
101532.10430872
101661.33637540
101791.09056480
101921.30663199
102052.05151578
102183.29174677
102315.07418212
102447.35865854
102580.17195156
102713.49397954
102847.30466083
102981.63746484
103116.52586097
103251.84935937
103387.69498048
103524.11627537
103660.99944804
103798.41143731
103936.35224318
104074.80178401
104213.77344755
104353.20698889
104493.19612235
104633.71407241
104774.75414518
104916.25609575
105058.31363844
105200.83975280
105343.92815316
105487.55206401
105631.63785264
105776.26584563
105921.46951240
106067.13505695
106213.34949974
106360.05928973
106507.33805960
106655.09878891
106803.40841645
106952.25355448
107101.64759075
107251.55036198
107401.97525593
107552.93566035
107704.38471809
107856.40275571
108008.92952830
108161.97172971
108315.62976819
108469.78315385
108624.45866223
108779.70984438
108935.48314925
109091.79865848
109248.69653536
109406.08975943
109564.07204503
109722.56975947
109881.62306603
110041.23865860
110201.40314940
110362.14331398
110523.42568291
110685.29041950
110847.67727880
111010.65319963
111174.16463094
111338.27181766
111502.90782098
111668.11949806
111833.87337951
112000.21632249
112167.17510251
112334.66269914
112502.74605118
112671.40507698
112840.66655207
113010.49031317
113180.86297251
113351.86485667
113523.46919011
113695.60903404
113868.40487830
114041.77639633
114215.71020037
114390.24645369
114565.42531960
114741.16647150
114917.52346046
115094.49628647
115272.08494954
115450.24928637
115629.02946025
115808.41208342
115988.43731917
116169.03822869
116350.28175078
116532.18127321
116714.65646941
116897.77427819
117081.54808730
117265.88418242
117450.90305340
117636.56453695
117822.82846980
118009.76179074
118197.35111203
118385.56965813
118574.40404128
118763.92120030
118954.09435965
119144.86996830
119336.35512833
119528.48290093
119721.29344940
119914.78677373
120108.92271064
120303.74142341
120499.21613652
120695.36023773
120892.21389033
121089.71015550
121287.95613535
121486.83134001
121686.40270829
121886.67024020
122087.63393573
122289.32057042
122491.67659320
122694.72877961
122898.49051740
123102.97519434
123308.11587162
123514.03303910
123720.65975796
123927.98264045
124136.04184985
124344.82399840
124554.31569833
124764.54372518
124975.53485446
125187.27569841
125399.67254270
125612.84587719
125826.76892634
126041.48185346
126256.93110749
126473.04974962
126689.98504523
126907.68344328
127126.17171928
127345.39632220
127565.41080307
127786.22854967
128007.72907212
128230.07302359
128453.19346525
128677.11717263
128901.81737021
129127.33422127
129353.60078700
129580.71078174
129808.63742996
130037.35395614
130266.84697252
130497.12986685
130728.26957796
130960.22594254
131192.98557285
131426.58863217
131660.94140615
131896.21793572
132132.32450653
132369.27450635
132607.06793517
132845.71818076
133085.18507984
133325.48202015
133566.70271605
133808.69990215
134051.62084382
134295.39860226
134540.04656523
134785.63167155
135032.04681911
135279.35894672
135527.59482991
135776.64736658
136026.59688331
136277.52370667
136529.25379574
136781.96119145
137035.56556720
137290.06692301
137545.50542217
137801.88106466
138059.16707497
138317.36345310
138576.51036233
138836.60780266
139097.61561081
139359.58733782
139622.48282041
139886.34222187
140151.19231772
140416.97955690
140683.74410272
140951.48595516
141220.27205303
141489.98190649
141760.74939314
142032.42724761
142305.10918424
142578.86214182
142853.59240603
143129.27320134
143405.99824209
143683.72736499
143962.44718228
144242.25140829
144523.07310421
144804.93904557
145087.83584461
145371.75011355
145656.72201570
145942.75155105
146229.87888288
146518.01029686
146807.27967061
147097.53973875
147388.93776666
147681.38004001
147974.94688537
148269.61152721
148565.32041449
148862.16726154
149160.12529284
149459.18112062
149759.37490817
150060.66649221
150363.12281154
150666.69031512
150971.40916623
151277.26597711
151584.27413553
151892.44702924
152201.75788272
152512.20669597
152823.90057109
153136.69224270
153450.67542512
153765.86350612
154082.25648571
154399.78742506
154718.61697733
155038.58448938
155359.73012447
155682.21453577
156005.79674356
156330.66417649
156656.80344682
156984.17439125
157312.77700979
157642.65146572
157973.71743247
158306.12217542
158639.75859247
158974.64007139
159310.88710204
159648.37919455
159987.19667550
160327.27260608
160668.70070063
161011.36046927
161355.38578965
161700.69633517
162047.39920795
162395.38730588
162744.71418001
163095.41999362
163447.46458344
163800.95505156
164155.66380601
164511.83182653
164869.41894982
165228.34484931
165588.62291276
165950.33346675
166313.46312352
166678.05204634
167043.95296983
167411.31315939
167780.13261501
168150.38456116
168522.04222232
168895.21270059
169269.78889387
169645.93145531
170023.50650728
170402.54082531
170783.10134821
171165.08097388
171548.64035547
171933.68577864
172320.21724340
172708.20797421
173097.81862423
173488.95547912
173881.59176335
174275.78102797
174671.57682404
175068.88543721
175467.82735735
175868.32225788
176270.42368986
176674.07810222
177079.41937260
177486.31362338
177894.81440559
178305.00204582
178716.72927868
179130.11659402
179545.16399186
179961.85808443
180380.22564724
180800.25329255
181221.96779586
181645.38254496
182070.49753983
182497.28600495
182925.77471584
183356.01722356
183787.93320153
184221.62975185
184657.01316018
185094.15036533
185533.10830612
185973.75310492
186416.29896592
186860.55846047
187306.65207841
187754.52626869
188204.23458237
188655.72346840
189109.05986559
189564.25716169
190021.24841791
190480.15412409
190940.90734143
191403.42774335
191867.91614629
192334.18512158
192802.42209788
193272.61368744
193744.69295144
194218.65988988
194694.51450277
195172.37727996
195652.14111935
196133.92651081
196617.61296447
197103.28080691
197591.02375247
198080.61420918
198572.30654452
199066.07398298
199561.79603469
200059.59318951
200559.47883520
201061.33248191
201565.23445621
202071.21153362
202579.39759176
203089.60520197
203601.80758871
204116.17879290
204632.70542677
205151.40087809
205672.09110595
206195.05725335
206720.11189163
207247.40228616
207776.86149813
208308.48952755
208842.23282337
209378.22526321
209916.49362259
210456.99773822
210999.75099787
211544.76678930
212092.05850028
212641.55919198
213193.38935427
213747.44188506
214303.93098854
214862.49519512
215423.58968873
215986.98687740
216552.64659785
217120.79644203
217691.14187919
218263.96405231
218839.16924708
219416.78423900
219996.79564033
220579.25700210
221164.12816104
221751.46266818
222341.24713577
222933.57527815
223528.35338097
224125.62160753
224725.44689663
225327.70875841
225932.51429498
226539.80995528
227149.75639246
227762.19295338
228377.25351565
228994.85775270
229615.05921558
230237.83112876
230863.25381882
231491.27373472
232121.94442749
232755.37299924
233391.39879681
234030.18247336
234671.61692679
235315.75570814
235962.65236847
236612.19980568
237264.50512186
237919.56831701
238577.44294219
239238.07544634
239901.46582946
240567.66764261
241236.70766130
241908.55911002
242583.27553980
243260.83017513
243941.27656706
244624.56116453
245310.68396755
245999.88595583
246691.92614965
247387.01875322
248084.86923575
248785.79890355
249489.54000138
250196.46738656
250906.25975281
251619.21163090
252335.08204110
253053.97808552
253776.00686625
254501.06128119
255229.24843244
255960.48799343
256694.88706626
257432.44565092
258173.02986979
258916.96102917
259663.89104724
260414.06090371
261167.36349650
261923.93270321
262683.71497281
263446.68352976
264212.99902722
264982.52758756
265755.29598631
266531.49165213
267310.90038083
268093.62927452
268879.75865975
269669.23498549
270462.03147620
271258.20168294
272057.82593228
272860.77034660
273667.14202799
274477.04807855
275290.43494724
276107.24908300
276927.49048583
277751.34658441
278578.65672559
279409.55478698
280243.90689097
281081.87369071
281923.45518619
282768.57105084
283617.35516228
284469.64686736
285325.79424791
286185.50277315
287048.85276966
287915.92456400
288786.71815619
289661.23354621
290539.52428512
291421.51004635
292307.27115646
293196.83439098
294090.22652544
294987.36723326
295888.39039207
296793.32277738
297702.13761367
298614.86167647
299531.36108816
300451.87682845
301376.22146867
302304.63598855
303236.90618388
304173.08560573
305113.41523379
306057.89506808
307006.23057783
307958.63596722
308915.05768523
309875.70993602
310840.43206647
311809.30440314
312782.30017051
313759.41936858
314740.63522182
315726.24226101
316715.99950641
317709.90695804
318708.17882009
319710.62766388
320717.36059152
321728.32405195
322743.65192279
323763.37097958
324787.34734468
325815.87554887
326848.68783690
327885.99841297
328927.78050154
329973.84667397
331024.35758337
332079.60776053
333139.06169496
334203.04069296
335271.75895870
336344.94873695
337422.74390534
338505.06413728
339592.07008593
340683.62787366
341779.84460257
342880.69349714
343986.28165945
345096.58231400
346211.48835868
347331.34787530
348455.94665967
349585.25793627
350719.38880719
351858.36604796
353002.24320963
354150.88641457
355304.37598936
356462.87258714
357626.26910582
358794.56554540
359967.94933453
361146.20626904
362329.55055311
363517.76798256
364711.07276157
365909.46489014
367112.83726618
368321.37731835
369535.05827114
370754.01400216
371977.94998065
373207.18751289
374441.61949679
375681.19238131
376926.09359510
378176.18926056
379431.61325529
380692.41913036
381958.60688575
383229.96231727
384506.69962913
385788.89914788
387076.50732249
388369.60447952
389668.08351688
390972.10508771
392281.66919202
393596.66872770
394917.29112342
396243.29539947
397574.97608662
398912.22608276
400255.12571447
401603.72853279
402958.03453773
404317.88307615
405683.67578089
407054.98424359
408432.07621947
409814.89815749
411203.71781290
412598.24065492
413998.70766327
415404.98496033
416817.04577059
418235.18462479
419659.13376771
421089.21450563
422525.15908331
423967.04782732
425415.06816633
426869.24687587
428329.23587412
429795.51712051
431267.74253324
432746.26019411
434230.98977655
435721.98483162
437219.05793063
9100.00257136
9097.64072276
9098.48589799
9099.44072191
9100.49078811
9101.65770620
9102.95348149
9104.37651328
9105.92119908
9107.58593818
9109.37073058
9111.26357096
9113.26285859
9115.36459171
9117.57037102
9119.86979190
9122.26365472
9124.74475626
9127.31709832
9129.97187697
9132.70669116
9135.51753911
9138.40682188
9141.36893698
9144.39908229
9147.50045922
9150.66746529
9153.89129659
9157.18395845
9160.53264518
9163.93975785
9167.40209504
9170.92205782
9174.49004191
9178.11004911
9181.78047868
9185.50133065
9189.26380109
9193.07589356
9196.93200558
9200.83373785
9204.77388718
9208.75645534
9212.77824091
9216.84164496
9220.94106500
9225.07490031
9229.24715269
9233.45382034
9237.69490328
9241.97120185
9246.27951463
9250.61984162
9254.99058212
9259.39333683
9263.82810576
9268.29008677
9272.78248128
9277.30528929
9281.84970689
9286.43174120
9291.03378439
9295.65903789
9300.31630560
9305.00238610
9309.71087655
9314.44337766
9319.19828872
9323.97881115
9328.78334424
9333.61348871
9338.46284170
9343.33940677
9348.23598072
9353.15496463
9358.09475777
9363.05536015
9368.04237426
9373.04779654
9378.07322771
9383.11866776
9388.18091527
9393.26957450
9398.37183978
9403.49411394
9408.63959840
9413.79868891
9418.97778830
9424.17609622
9429.39281231
9434.62953728
9439.88146901
9445.15420997
9450.44295804
9455.74931393
9461.07327763
9466.41564951
9471.77642956
9477.15001530
9482.54040850
9487.94680880
9493.37401835
9498.81723500
9504.27645876
9509.74928855
9515.24132688
9520.74697125
9526.27182414
9531.81348450
9537.36715019
9542.94242547
9548.52890573
9554.13219344
9559.74668614
9565.37878665
9571.02769462
9576.69020863
9582.36632869
9588.05685514
9593.76659011
9599.48672971
9605.22527748
9610.97422987
9616.73918937
9622.51935562
9628.31232755
9634.11730481
9639.94469203
9645.78168350
9651.63148066
9657.49888564
9663.37989666
9669.27611444
9675.18593825
9681.11336988
9687.04640400
9692.99864664
9698.96609604
9704.94955254
9710.93941189
9716.94687905
9722.96715190
9728.99782937
9735.04611466
9741.10800598
9747.18270299
9753.27180640
9759.37051408
9765.48682956
9771.61915216
9777.75547653
9783.91341050
9790.08094873
9796.26689514
9802.46324616
9808.67240287
9814.89356491
9821.12673228
9827.37750746
9833.63948762
9839.91587418
9846.20426607
9852.50786471
9858.82426903
9865.15107797
9871.49309367
9877.84951576
9884.21874354
9890.60317806
9896.99641650
9903.40326098
9909.82291114
9916.25696770
9922.70302959
9929.16349787
9935.63357042
9942.11965008
9948.61853542
9955.12782538
9961.65552351
9968.19602733
9974.75013719
9981.31705273
9987.89517325
9994.48850052
10001.09223241
10007.70957035
10014.33891361
10020.98106255
10027.63921861
10034.31178106
10040.99394777
10047.69212159
10054.39989967
10061.12368486
10067.86107610
10074.60567052
10081.36947348
10088.14448141
10094.92989397
10101.73291434
10108.54313790
10115.36936858
10122.20840494
10129.06184769
10135.92329400
10142.80234813
10149.69100652
10156.59727273
10163.51554426
10170.44822220
10177.39210511
10184.35279548
10191.32228976
10198.30859150
10205.30449750
10212.31561026
10219.34433084
10226.38345603
10233.43618726
10240.49932312
10247.57846608
10254.66561259
10261.77356835
10268.89272907
10276.02629620
10283.17026794
10290.32944643
10297.50063026
10304.68862155
10311.88701745
10319.09981975
10326.32702845
10333.57104461
10340.82466504
10348.09189150
10355.37192365
10362.66636220
10369.97440679
10377.29605741
10384.62971337
10391.97857608
10399.34104483
10406.71952069
10414.10920152
10421.51088768
10428.92858095
10436.36228133
10443.81038810
10451.26889949
10458.74341798
10466.23234288
10473.73647452
10481.24941008
10488.77755238
10496.31930073
10503.87705618
10511.45241945
10519.03658663
10526.63756127
10534.25214195
10541.88272974
10549.52612321
10557.17752024
10564.84412402
10572.52913597
10580.22695361
10587.93837728
10595.66500771
10603.40124241
10611.16228811
10618.93213773
10626.71719410
10634.51825758
10642.33612851
10650.16680514
10658.01188815
10665.86897650
10673.74287231
10681.63357559
10689.53148206
10697.45099812
10705.38652129
10713.33485015
10721.29598469
10729.26912457
10737.25507013
10745.26422599
10753.28458683
10761.31775335
10769.36772733
10777.43370843
10785.51649698
10793.61209122
10801.72449292
10809.85370209
10817.99251551
10826.15053747
10834.32376618
10842.51220163
10850.71664420
10858.93389245
10867.16554710
10875.41000743
10883.67287593
10891.95015084
10900.24423320
10908.55672373
10916.88201996
10925.22412364
10933.58303478
10941.95555197
10950.34007449
10958.74780731
10967.16754546
10975.60569178
10984.05664379
10992.52520362
11001.01057091
11009.51114495
11018.02612538
11026.55711293
11035.10650864
11043.67031076
11052.25172068
11060.84993808
11069.46416257
11078.09279347
11086.74143325
11095.40447942
11104.08433306
11112.77779273
11121.49046094
11130.21673518
11138.96221796
11147.72370784
11156.50520660
11165.29951105
11174.11382438
11182.94494518
11191.78967201
11200.64880524
11209.52954807
11218.42869907
11227.34705859
11236.27742345
11245.22219470
11254.18537413
11263.17256421
11272.17416069
11281.19336499
11290.23177782
11299.28459704
11308.35742515
11317.44546001
11326.54790126
11335.66955104
11344.81040935
11353.96807513
11363.14174801
11372.33863119
11381.54912042
11390.78041888
11400.03092587
11409.29743997
11418.58076153
11427.88329162
11437.20262917
11446.53877418
11455.89092630
11465.26468801
11474.66085968
11484.07143774
11493.50362539
11502.94781837
11512.41842308
11521.90103312
11531.40765382
11540.92948127
11550.47051725
11560.03316282
11569.61181550
11579.20807600
11588.82114396
11598.45902293
11608.11450973
11617.78760434
11627.48310890
11637.19061879
11646.92213933
11656.67126770
11666.44120531
11676.23115180
11686.04110717
11695.86947071
11705.71864350
11715.58702481
11725.47301394
11735.37981231
11745.30581920
11755.25343569
11765.22346213
11775.21109639
11785.21793918
11795.24879262
11805.29245175
11815.36092190
11825.45260235
11835.56189062
11845.69839097
11855.84929772
11866.01941299
11876.20953715
11886.42047055
11896.65381389
11906.90636577
11917.17892652
11927.47469759
11937.79207824
11948.12946778
11958.48846692
11968.87067636
11979.27369503
11989.69352117
12000.13415655
12010.59880259
12021.08185680
12031.58892167
12042.11919685
12052.66868055
12063.23737279
12073.83167639
12084.44598888
12095.08511238
12105.74744618
12116.43299030
12127.13854329
12137.86570588
12148.61687913
12159.38806126
12170.18805619
12181.00966071
12191.84727233
12202.71289640
12213.60013005
12224.51217473
12235.44582899
12246.40109285
12257.37796631
12268.38365255
12279.40614626
12290.45665241
12301.52636708
12312.61849171
12323.73622770
12334.87717400
12346.04213096
12357.23990249
12368.44487721
12379.67866473
12390.94206539
12402.22307388
12413.52729267
12424.86272531
12436.21736648
12447.60082045
12459.00508366
12470.43015610
12481.88324098
12493.36673936
12504.87264770
12516.40016562
12527.94929314
12539.53043488
12551.13478692
12562.76555068
12574.42112546
12586.09670913
12597.79470274
12609.51830773
12621.27312657
12633.05595785
12644.86119908
12656.69125132
12668.55411814
12680.43459277
12692.34548090
12704.28358112
12716.24489164
12728.23661566
12740.25315070
12752.29449675
12764.36225453
12776.45322261
12788.57460420
12800.71839574
12812.89500184
12825.09721932
12837.32664888
12849.58809265
12861.87274673
12874.18221182
12886.52609219
12898.89078180
12911.28428420
12923.70339797
12936.15692703
12948.63366638
12961.14161960
12973.67438383
12986.23676121
12998.82234889
13011.44155150
13024.09036725
13036.76399402
13049.46963501
13062.20568949
13074.96735535
13087.75463258
13100.57632509
13113.41802648
13126.29654421
13139.21107794
13152.14562055
13165.11697951
13178.11555055
13191.13813224
13204.19833064
13217.28974290
13230.40356510
13243.55660472
13256.73285464
13269.94111878
13283.18699962
13296.45529040
13309.76039753
13323.08871497
13336.45384875
13349.84859568
13363.27695753
13376.73333182
13390.21851891
13403.73892162
13417.29133856
13430.87176792
13444.48261079
13458.13827356
13471.81474557
13485.52643321
13499.27173578
13513.05065327
13526.85998427
13540.70453090
13554.58269245
13568.49606964
13582.43185678
13596.39965813
13610.40747724
13624.44570987
13638.51435599
13652.62942272
13666.77010083
13680.93959172
13695.15070110
13709.39702610
13723.67376462
13737.99052089
13752.33448925
13766.72007609
13781.13127430
13795.58889312
13810.07532473
13824.59377055
13839.15223414
13853.74111123
13868.36520396
13883.02611304
13897.72383845
13912.46158164
13927.23293975
13942.04751705
13956.90051140
13971.78231855
13986.69613991
14001.64997904
14016.64063451
14031.66650562
14046.72919307
14061.83349900
14076.96981914
14092.14455634
14107.35931131
14122.60768120
14137.89766957
14153.22287357
14168.58649463
14183.99333488
14199.44339432
14214.92226655
14230.44275725
14246.00806786
14261.60379197
14277.24113455
14292.92009561
14308.63747373
14324.39166820
14340.18908185
14356.02651327
14371.90236175
14387.81502657
14403.77411200
14419.77001377
14435.80753403
14451.88667276
14468.00262784
14484.17140637
14500.37059840
14516.61461033
14532.90344216
14549.22588891
14565.59315557
14582.00043999
14598.45254431
14614.95106923
14631.48160838
14648.06016884
14664.68514991
14681.35335017
14698.06476962
14714.81460612
14731.61246395
14748.45514167
14765.34263929
14782.27175539
14799.24248997
14816.26764871
14833.32322096
14850.43321736
14867.58163082
14884.77646490
14902.02572313
14919.31980127
14936.65549788
14954.03921581
14971.46935435
14988.93951066
15006.46088971
15024.02708866
15041.63650679
15059.30034909
15077.00420916
15094.76569481
15112.56879894
15130.41672297
15148.31747045
15166.26463854
15184.25182439
15202.29343441
15220.38306575
15238.52071841
15256.70959381
15274.95449409
15293.24261355
15311.57715362
15329.96771857
15348.40630484
15366.89291243
15385.42914204
15404.01979582
15422.65847092
15441.34516735
15460.08148580
15478.86902699
15497.72379803
15516.61538542
15535.56619911
15554.56663482
15573.61669256
15592.72117447
15611.88168125
15631.08700793
15650.35156091
15669.67053805
15689.04393935
15708.46216055
15727.94120875
15747.47468112
15767.06577907
15786.70009621
15806.40164320
15826.14961080
15845.96160683
15865.82002346
15885.73446497
15905.71293491
15925.74582901
15945.82674443
15965.97008756
15986.17585842
16006.42965059
16026.74747119
16047.11811524
16067.55118701
16088.04508578
16108.59661014
16129.19935724
16149.86293134
16170.58733245
16191.36935915
16212.20741072
16233.11429285
16254.07880056
16275.10253456
16296.17909202
16317.32608075
16338.53709791
16359.81054278
16381.13841182
16402.53511141
16423.97983233
16445.49978664
