36701.97282918
36735.52372493
36743.71168017
36750.48588775
36759.80586559
36772.71399647
36789.36650977
36809.57644247
36833.09536427
36859.63642783
36888.92559148
36920.71698606
36954.80059832
36990.98690413
37029.11199071
37069.01962869
37110.58944464
37153.72411534
37198.28277826
37244.24238317
37291.46975093
37339.91109766
37389.49983381
37440.21290913
37491.96324497
37544.71242428
37598.43227454
37653.05620618
37708.60726945
37764.98558000
37822.20138237
37880.23418747
37939.04045597
37998.58945422
38058.90167132
38119.90283430
38181.62623793
38244.02322061
38307.09378235
38370.80462836
38435.15319750
38500.11900067
38565.71740471
38631.91511482
38698.70188646
38766.09308645
38834.04005319
38902.56327577
38971.62433714
39041.26677662
39111.42656580
39182.13443831
39253.37246619
39325.14064945
39397.42618240
39470.23162618
39543.56210306
39617.37407371
39691.69314951
39766.53213613
39841.85517766
39917.66739637
39993.96110885
40070.75424306
40148.02118763
40225.78243166
40304.01236378
40382.73659535
40461.92951500
40541.59624502
40621.73166312
40702.34601386
40783.42905268
40864.98334073
40947.01656140
41029.50054221
41112.46345565
41195.87969035
41279.76973541
41364.12846856
41448.96613434
41534.26224366
41620.01167424
41706.22467063
41792.91403852
41880.07721677
41967.68859401
42055.77122048
42144.32509616
42233.35278220
42322.84915633
42412.80909628
42503.25821340
42594.16833520
42685.55482849
42777.40232646
42869.73387934
42962.54692599
43055.82353845
43149.58164468
43243.82636696
43338.56794983
43433.78590420
43529.49559689
43625.67653880
43722.36458585
43819.51875985
43917.18516126
44015.33817872
44113.99317905
44213.12967315
44312.79376149
44412.93422133
44513.58178630
44614.73133415
44716.40335396
44818.56711209
44921.26358673
45024.47228879
45128.18809599
45232.42637515
45337.18712628
45442.48571619
45548.29653352
45654.64006737
45761.51631773
45868.92528459
45976.86696798
46085.36697924
46194.40482929
46303.97539586
46414.08380121
46524.75565672
46635.98071784
46747.75898457
46860.10582373
46973.01099077
47086.48473024
47200.52191988
47315.12768194
47430.31738326
47546.05516791
47662.39225864
47779.29792181
47896.80801332
48014.88155499
48133.56976956
48252.85216793
48372.73387238
48493.20463836
48614.28495497
48735.99018902
48858.26911777
48981.19857535
49104.73758355
49228.90663147
49353.67498547
49479.10923511
49605.15815765
49731.83711991
49859.16148871
49987.13126406
50115.72595686
50244.98654529
50374.91302937
50505.48492000
50636.71758398
50768.61102134
50901.17035434
51034.41094980
51168.32768545
51302.92056128
51438.21006641
51574.18083400
51710.85335314
51848.20713475
51986.26266792
52125.02507493
52264.49435577
52404.68587726
52545.58427259
52687.21515313
52829.54778522
52972.62314707
53116.42074957
53260.96620411
53406.25951067
53552.28018016
53699.04870167
53846.59068659
53994.90101263
54143.93357933
54293.74985397
54444.34471428
54595.71816027
54747.87019193
54900.79568699
55054.51513454
55209.04390141
55364.35125396
55520.46792582
55677.40928382
55835.13434976
55993.69434640
56153.06878462
56313.28327581
56474.30708632
56636.20680571
56798.93121123
56962.46493608
57126.90018117
57292.14474559
57458.28570798
57625.27184561
57793.14925894
57961.89745888
58131.52156770
58302.02670768
58473.42312336
58645.71081474
58818.91539320
58993.01636964
59168.01374406
59343.94849464
59520.77964321
59698.55841249
59877.26431340
60056.90246820
60237.48312145
60419.02676225
60601.52826831
60784.96202826
60969.36902031
61154.74924445
61341.09245613
61528.40377763
61716.73955396
61906.03831783
62096.34616971
62287.63237596
62479.97889295
62673.31400886
62867.63772368
63063.02174926
63259.43022966
63456.87340945
63655.36665544
63854.87411171
64055.46236783
64257.13654608
64459.80956778
64663.62997890
64868.47484484
65074.41587746
65281.45307675
65489.57619816
65698.80573079
65909.13655236
66120.57378516
66333.12767372
66546.83919623
66761.66225225
66977.62757540
67194.71979886
67412.96453401
67632.38739222
67852.95251757
68074.71625507
68297.64274880
68521.73199877
68747.03010544
68973.53194654
69201.21191069
69430.12634292
69660.24450958
69891.56128839
70124.15351346
70357.92898387
70592.98502281
70829.28065211
71066.79026037
71305.60092628
71545.65118253
71787.00761870
72029.61388975
72273.52634072
72518.75521615
72765.22880420
73013.03418353
73262.16623187
73512.65056059
73764.40521330
74017.51726866
74271.95599303
74527.77260914
74784.94150564
75043.49341616
75303.37711796
75564.65407833
75827.30893046
76091.36216342
76356.82402179
76623.67401645
76891.93775877
77161.62037104
77432.74234235
77705.29855043
77979.26850617
78254.70855460
78531.60332888
78809.95282903
79089.80315551
79371.10820785
79653.89871970
79938.19518015
80223.99758920
80511.29570231
80800.12537539
81090.48660845
81382.37940148
81675.80887675
81970.79040110
82267.28811860
82565.34812972
82865.00116810
83166.24723375
83469.05559301
83773.44673499
84079.49237153
84387.07981259
84696.32687047
85007.16695562
85319.63592395
85633.75938684
85949.53734428
86266.97491854
86586.07210964
86906.85965121
87229.31705415
87553.44431847
87879.31315601
88206.84161037
88536.09114885
88867.05152690
89199.77396727
89534.18675810
89870.37185580
90208.30877125
90548.00774902
90889.46878910
91232.76360333
91577.78974622
91924.59844053
92273.26139808
92623.66592884
92975.89398921
93329.99680191
93685.91289967
94043.68326068
94403.29764038
94764.77652788
95128.16090137
95493.38929355
95860.51292717
96229.53180224
96600.46640784
96973.31674397
97348.08281064
97724.76460785
98103.37238014
98483.93686116
98866.45805091
99250.94619393
99637.42177933
100025.85407346
100416.30454361
100808.73221159
101203.18830013
101599.66256469
101998.11402708
102398.62464368
102801.18416995
103205.81309497
103612.50117421
104021.29963040
104432.12650716
104845.05351633
105260.09090245
105677.21817642
106096.47631645
106517.81409979
106941.31348282
107366.94373190
107794.77655888
108224.75049645
108656.85530007
109091.16268158
109527.65215188
109966.34420007
110407.25931525
110850.33603013
111295.63581198
111743.18939447
112193.00702214
112645.06820589
113099.36270118
113555.94173074
114014.82578367
114475.94314814
114939.43724781
115405.20563722
115873.27904999
116343.67797524
116816.44339114
117291.51383042
117768.98149401
118248.81564826
118730.97531497
119215.51171690
119702.47607678
120191.83766097
120683.61695856
121177.80372500
121674.39796031
122173.45088720
122674.98299479
123178.94306034
123685.40279567
124194.35195625
124705.73931932
125219.62635219
125736.02329940
126254.94040549
126776.39815956
127300.37607253
127826.91512257
128355.94359785
128887.63565570
129421.87860608
129958.77489448
130498.14011902
131040.17917067
131584.81009305
132132.10459799
132681.99097365
133234.52044278
133789.71349448
134347.59061784
134908.15181285
135471.33561224
136037.26495057
136605.89884967
137177.16559768
137751.25984102
138328.03815603
138907.52103180
139489.79042470
140074.78486747
140662.60680556
141253.13330442
141846.48729861
142442.65854359
143041.63679481
143643.48351955
144248.10651690
144855.61847687
145465.95793217
146079.12488282
146695.19104064
147314.12567198
147935.90828776
148560.66182256
149188.30431998
149818.89724731
150452.38938183
151088.80121261
151728.18396240
152370.53763121
153015.91344178
153664.20894861
154315.48561901
154969.79467571
155627.08489597
156287.41774708
156950.83420724
157617.19085276
158286.73355281
158959.25741643
159634.85464454
160313.56621534
160995.35115063
161680.25042862
162368.21282655
163059.38176811
163753.64456326
164451.09341294
165151.64636075
165855.39560765
166562.34115362
167272.47275412
167985.80065370
168702.28387415
169421.99412733
170144.94165778
170871.13671005
171600.64075142
172333.27962458
173069.24797595
173808.53556097
174551.06042325
175296.90451920
176046.08833790
176798.52992296
177554.37269807
178313.51421773
179076.05692744
179841.91887081
180611.05906963
181383.70290399
182159.70695019
182939.11218643
183721.91861272
184508.20818543
185297.85797000
186090.99090099
186887.60697842
187687.62424588
188491.14514887
189298.12870920
190108.61590505
190922.66820371
191740.18315971
192561.26321852
193385.88789105
194213.99571002
195045.73009908
195880.96812367
196719.85320747
197562.20094860
198408.31868351
199257.91956484
200111.20848358
200968.12397242
201828.68652046
202692.87563860
203560.73230505
204432.25651979
205307.48926103
206186.43052876
207068.99836659
207955.31570911
208845.36206722
209739.19890821
210636.70329750
211537.95719147
212443.10401380
213351.97985172
214264.56421614
215180.98004162
216101.28879547
217025.28558671
217953.17530632
218884.89648700
219820.49010694
220759.93567705
221703.31515372
222650.44413507
223601.58897936
224556.58577383
225515.51647484
226478.38108242
227445.11812925
228415.85054994
229390.51687717
230369.19906735
231351.79467499
232338.44712377
233329.05396819
234323.75863194
235322.35622406
236325.05163550
237331.78339899
238342.55151451
239357.39696026
240376.23777986
241399.31984246
242426.25385523
243457.49057829
244492.78414249
245532.13454783
246575.70570707
247623.33370745
248675.26441813
249731.33392632
250791.39880836
251855.72542250
252924.33425784
253997.14335799
255074.09125566
256155.40333092
257240.79273641
258330.48485219
259424.50016737
260522.57232368
261625.11110306
262731.97308183
263843.05581450
264958.40027928
266078.04745436
267202.12027431
268330.51629364
269463.23551238
270600.33939779
271741.84843898
272887.70116866
274037.95905411
275192.64258444
276351.79273784
277515.16364515
278683.10362101
279855.51021993
281032.42442012
282213.72328699
283399.50926602
284589.78235722
285784.52207148
286983.89232159
288187.58577108
289395.88926733
290608.78232121
291826.14199817
293048.05025458
294274.54806864
295505.63544035
296741.43530428
297981.80423677
299226.68077052
300476.26979649
301730.44838011
302989.25749958
304252.65617669
305520.80832422
306793.63198578
308071.16813958
309353.29385102
310640.21401107
311931.76470697
313228.19180787
314529.20846641
315834.97859538
317145.52268386
318460.79975367
319780.87127209
321105.79870641
322435.52058935
323769.95496452
325109.24525559
326453.35048437
327802.25016177
329156.14917874
330514.74019885
331878.26909125
333246.67438865
334619.95609105
335998.07322025
337381.23066723
338769.20305192
340162.13379800
341560.00241637
342962.89086342
344370.61473727
345783.41990709
347201.14246011
348623.74141812
350051.46265030
351484.22420025
352921.94411159
354364.66336250
355812.46390939
357265.26379585
358723.18595648
360186.18941307
361654.23318744
363127.19434500
364605.35973310
366088.64739537
367577.05733180
369070.54856420
370569.28500533
372073.14372063
373582.20666647
375096.47384286
376615.86329341
378140.41599631
379670.17292976
381205.13409376
382745.34046650
384290.58715701
385841.20199084
387397.02105522
388958.20826292
390524.47676659
392096.31830454
393673.28211665
395255.45015931
396843.02732348
398435.89067459
400034.04021263
401637.59887218
403246.40274048
404860.73866487
406480.31979799
408105.31005263
409735.70942879
411371.35401368
413012.57163286
414659.11641717
416311.07032299
417968.47432852
419631.16452098
421299.42774773
15071.80074695
15071.51031401
15067.77592003
15064.15626500
15061.66427862
15060.55812351
15060.83600689
15062.40828894
15065.15305955
15068.95020138
15073.69035389
15079.28567007
15085.63396055
15092.65992790
15100.30620266
15108.51182975
15117.22123250
15126.40034780
15136.00435574
15146.00098599
15156.36155382
15167.06096008
15178.07231285
15189.38126974
15200.96452441
15212.81311288
15224.90910720
15237.23637220
15249.78056550
15262.54168712
15275.49822349
15288.65734581
15302.00112611
15315.51880762
15329.21218313
15343.06511749
15357.08298907
15371.24966271
15385.57768799
15400.04913695
15414.65863120
15429.40617073
15444.29892674
15459.31538567
15474.46630429
15489.74988982
15505.14821429
15520.67024168
15536.31417919
15552.08181962
15567.96240620
15583.95593893
15600.06062500
15616.28005002
15632.60883559
15649.05056730
15665.59807397
15682.24597722
15699.01220500
15715.86807258
15732.83330072
15749.90430381
15767.07928907
15784.34749972
15801.71789974
15819.19407472
15836.76526789
15854.43327203
15872.20167276
15890.06329887
15908.02173596
15926.08236242
15944.23262868
15962.48508431
15980.82717974
15999.27505013
16017.80359633
16036.43253911
16055.15650008
16073.97189364
16092.88409818
16111.88594252
16130.98280504
16150.17110016
16169.45620626
16188.82915936
16208.29892345
16227.85115615
16247.50737101
16267.25322567
16287.08692733
16307.01564718
16327.03579962
16347.15097025
16367.36474466
16387.66278047
16408.04866329
16428.53673548
16449.11444746
16469.78179924
16490.54416921
16511.39976457
16532.34320693
16553.38525306
16574.51693900
16595.74005753
16617.05640145
16638.46955635
16659.97235104
16681.56837113
16703.25223822
16725.03829468
16746.91936933
16768.88829097
16790.95940199
16813.11477441
16835.36337223
16857.71415941
16880.15279360
16902.69361716
16925.32408051
16948.05135485
16970.87902576
16993.79633646
17016.81404375
17039.92318362
17063.13272007
17086.43727470
17109.84043311
17133.34936649
17156.94076847
17180.63973822
17204.43193335
17228.32273226
17252.30854936
17276.39834862
17300.58854446
17324.87734407
17349.25757628
17373.73999786
17398.32640160
17423.01678751
17447.80577719
17472.69516345
17497.69032467
17522.78229687
17547.98183683
17573.27818777
17598.68389927
17624.18642174
17649.80368316
17675.51416997
17701.33401733
17727.25426126
17753.28207295
17779.41924520
17805.65322842
17832.00195059
17858.45286213
17885.01313422
17911.68814525
17938.46534565
17965.34652822
17992.34424252
18019.44414619
18046.66237440
18073.98458477
18101.41615570
18128.96067277
18156.61455039
18184.37958136
18212.25935128
18240.25027454
18268.36131513
18296.57454509
18324.90072120
18353.35418582
18381.91521820
18410.59098952
18439.38508537
18468.29571296
18497.32645787
18526.47732012
18555.73933572
18585.12684703
18614.63268287
18644.25505046
18674.00112096
18703.87089439
18733.85899235
18763.96720763
18794.19554025
18824.54936858
18855.03586382
18885.62992681
18916.35486390
18947.19991833
18978.17763966
19009.28085670
19040.50598387
19071.85839955
19103.35065331
19134.96661000
19166.70985520
19198.57859612
19230.58179673
19262.72304263
19294.98978425
19327.38202158
19359.91409700
19392.58421771
19425.38521253
19458.32066704
19491.39058124
19524.59495515
19557.94095993
19591.41963162
19625.04172698
19658.80186763
19692.70184636
19726.74166318
19760.91773249
19795.24081107
19829.70014215
19864.31006808
19899.05624650
19933.95481259
19968.98604557
20004.17683739
20039.50746730
20074.99048486
20110.62051170
20146.39754780
20182.32697155
20218.40519737
20254.63581085
20291.01701919
20327.55061518
20364.23839163
20401.08393412
20438.08365706
20475.23218207
20512.54385151
20550.00970140
20587.64407411
20625.42366330
20663.36998250
20701.47765335
20739.74488303
20778.17167155
20816.76160451
20855.51826749
20894.43448931
20933.53178352
20972.77967259
21012.19787728
21051.78998318
21091.55419748
21131.48693461
21171.58640176
21211.86514851
21252.30703969
21292.92462487
21333.71611126
21374.68867004
21415.83333723
21457.15728402
21498.65871761
21540.34480918
21582.19942357
21624.24407434
21666.47517588
21708.88376422
21751.47163216
21794.25132927
21837.21747715
21880.37186861
21923.71808924
21967.25434624
22010.97705401
22054.88979816
22098.99257869
22143.29435956
22187.78796960
22232.47699440
22277.35605557
22322.43590988
22367.71655735
22413.19082677
22458.87126774
22504.75429464
22550.83632190
22597.12810628
22643.61709822
22690.31584729
22737.22435348
22784.33903120
22831.67063724
22879.20482922
22926.95057113
22974.91324134
23023.09283987
23071.47681713
23120.08310109
23168.90272778
23217.94286836
23267.21069403
23316.69544801
23366.39533751
23416.32829048
23466.48534294
23516.86470211
23567.47353915
23618.30289010
23669.36709732
23720.66974640
23772.19290938
23823.95989262
23875.95456094
23928.18587832
23980.65743037
24033.36921707
24086.31765284
24139.50811606
24192.93522835
24246.60974648
24300.52091368
24354.69562188
24409.10877194
24463.77470624
24518.69342476
24573.86313472
24629.28742170
24684.96807851
24740.89614116
24797.10029438
24853.54826786
24910.25440395
24967.22228825
25024.45909195
25081.95226546
25139.71435837
25197.73640670
25256.03633840
25314.61415347
25373.45550954
25432.56757781
25491.96290784
25551.61640048
25611.56929005
25671.79109901
25732.30334092
25793.08629502
25854.15968206
25915.51095247
25977.15086304
26039.08658493
26101.30736139
26163.81677799
26226.62200592
26289.73021638
26353.12527418
26416.80538654
26480.80282379
26545.09427957
26609.68871787
26674.59868826
26739.80088439
26805.31861261
26871.15008011
26937.28094455
27003.72554827
27070.48568409
27137.56852318
27204.95793037
27272.67183363
27340.71561135
27409.06416439
27477.75334865
27546.75985780
27616.09265581
27685.75712107
27755.75325359
27826.09001733
27896.75486274
27967.73882583
28039.07955531
28110.76988000
28182.79725034
28255.16166631
28327.87747029
28400.94466228
28474.33276474
28548.10093995
28622.21153919
28696.68249041
28771.50124405
28846.68752085
28922.23056406
28998.14113043
29074.41384159
29151.05766151
29228.05824783
29305.43532129
29383.16916116
29461.29024494
29539.79677986
29618.67083795
29697.92676158
29777.57530753
29857.58599825
29937.99468968
30018.79600342
30099.99352507
30181.56932667
30263.54312897
30345.90417519
30428.67039330
30511.83819771
30595.39324604
30679.37139422
30763.74754310
30848.53603505
30933.73328447
31019.35004815
31105.37198372
31191.79909118
31278.66722643
31365.94411917
31453.65486853
31541.77437536
31630.32415323
31719.31137331
31808.73245001
31898.58021215
31988.87258768
32079.59881984
32170.76966539
32262.37078197
32354.42726873
32446.92478329
32539.87408243
32633.27875175
32727.14954801
32821.46137208
32916.24649428
33011.47981547
33107.18284920
33203.35559547
33299.98371191
33397.08154090
33494.66342479
33592.70426445
33691.23274460
33790.24169408
33889.73469846
33989.70458657
34090.16211517
34191.11086987
34292.55443625
34394.50357109
34496.93317525
34599.85400550
34703.28398980
34807.21595697
34911.66783497
35016.62886702
35122.09188193
35228.06046531
35334.56330188
35441.57529250
35549.11436513
35657.16976300
35765.75224288
35874.87256154
35984.51279104
36094.70878728
36205.42827994
36316.67126901
36428.48078161
36540.81737623
36653.71332318
36767.15069450
36881.14741817
36995.69273740
37110.79740897
37226.47218965
37342.70632267
37459.49622244
37576.85623132
37694.78276372
37813.29016201
37932.37125501
38052.03679949
38172.28320986
38293.10331494
38414.52221386
38536.53273545
38659.12412293
38782.32147545
38906.11762181
39030.50539084
39155.48836812
39281.09523840
39407.30090253
39534.12687406
39661.55522503
39789.61822577
39918.29436272
40047.58363590
40177.49321647
40308.05178918
40439.25576843
40571.06929831
40703.52823474
40836.62899211
40970.36081366
41104.74521294
41239.79653232
41375.48608705
41511.83897629
41648.83727208
41786.52041592
41924.85255189
42063.85519356
42203.52116972
42343.86840835
42484.90766622
42626.59950182
42768.97977106
42912.04847395
43055.79485372
43200.25118068
43345.39594129
43491.23630673
43637.77586259
43785.02536565
43932.99915828
44081.66855574
44231.04790039
44381.13719225
44531.94001690
44683.46713111
44835.72212048
44988.70139942
45142.41213910
45296.86868191
45452.04592869
45607.98332095
45764.66293074
45922.08834365
46080.26673086
46239.19092119
46398.88601378
46559.33766626
46720.54229304
46882.52499327
47045.28576694
47208.81027170
47373.12002108
47538.21142949
47704.07374017
47870.73563784
48038.18278015
48206.41516708
48375.47224015
48545.29662989
48715.93494900
48887.39436865
49059.66054648
49232.73348249
49406.61317669
49581.33548498
49756.86813705
49933.25415999
50110.43976992
50288.46799396
50467.33166091
50647.04869874
50827.60476507
51009.00703110
51191.26625359
51374.36450459
51558.33764002
51743.15697514
51928.87987942
52115.42029865
52302.86428705
52491.19033106
52680.38408831
52870.48500031
53061.44645438
53253.30430642
53446.05138525
53639.68410529
53834.24907923
54029.69252318
54226.04670748
54423.32956009
54621.51598185
54820.63465752
55020.66765912
55221.61498666
55423.49456809
55626.30281784
55830.05766384
56034.76986289
56240.40714465
56446.98385149
56654.53583933
56863.04876581
57072.50828855
57282.93592110
57494.32449229
57706.68834448
57920.03106326
58134.34189186
58349.63517264
58565.92883356
58783.17626193
59001.44558400
59220.71170062
59440.97102620
59662.23073192
59884.50516015
60107.80148208
60332.09459856
60557.42753670
60783.77161175
61011.14833727
61239.54337090
61468.97105500
61699.45290312
61930.97457290
62163.55040669
62397.14454859
62631.82871044
62867.55986512
63104.35235500
63342.22769365
63581.15002513
63821.14803419
64062.22172081
64304.38542739
64547.62481153
64791.96855798
65037.40949556
65283.94762427
65531.58294410
65780.32262623
66030.19535542
66281.15810454
66533.23238716
66786.45405918
67040.79443589
67296.23917490
67552.83847451
67810.58516353
68069.45772842
68329.49919626
68590.66653997
68853.02430019
69116.49359390
69381.16047531
69647.00343087
69913.97226229
70182.14585260
70451.48834586
70722.02842683
70993.72306839
71266.64398238
71540.75531289
71816.04271755
72092.57073700
72370.28200179
72649.21236783
72929.36900631
73210.73040366
73493.35392937
73777.15352923
74062.19374388
74348.51042926
74636.00318879
74924.80110377
75214.83963355
75506.09009340
75798.64570871
76092.45628119
76387.52181083
76683.84946883
76981.48228228
77280.34136817
77580.52712306
77882.01086223
78184.74955857
78488.83643746
78794.20695826
79100.84677860
79408.84912387
79718.14945340
80028.72625366
80340.68709239
80653.93157303
80968.54574978
81284.47942436
81601.76845267
81920.36263645
82240.32651633
82561.63857877
82884.32750851
83208.35744962
83533.81445631
83860.58378965
84188.76584619
84518.31759885
84849.22470525
85181.55170605
85515.22688940
85850.35065189
86186.84411049
86524.78614822
4393.86663493
4396.75482921
4396.73967194
4396.32455818
4395.97545192
4395.84197011
4395.97740769
4396.38176467
4397.04379532
4397.94443082
4399.06558022
4400.38475208
4401.88678913
4403.55115570
4405.36465030
4407.31553826
4409.38964020
4411.57962196
4413.87423780
4416.26517568
4418.74510143
4421.31157033
4423.94991405
4426.66355520
4429.44564857
4432.28983786
4435.19318942
4438.15423641
4441.16857834
4444.23377048
4447.34687917
4450.50790440
4453.71000096
4456.95561357
4460.24278644
4463.56663015
4466.92812257
4470.32824159
4473.76160882
4477.22773533
4480.72759900
4484.26022194
4487.82364838
4491.41592253
4495.03851123
4498.68945871
4502.36925390
4506.07642997
4509.81049798
4513.56950216
4517.35442039
4521.16476372
4525.00151005
4528.86123676
4532.74492174
4536.65305395
4540.58367759
4544.53825951
4548.51484392
4552.51245294
4556.53108656
4560.57514530
4564.63778391
4568.72438081
4572.82809075
4576.95527002
4581.10347390
4585.26927978
4589.45855498
4593.66689902
4597.89431188
4602.14177147
4606.40976671
4610.69683079
4615.00247475
4619.32914332
4623.67194705
4628.03528644
4632.41916150
4636.81966066
4641.23971760
4645.67884337
4650.13508219
4654.61087879
4659.10378844
4663.61527797
4668.14534739
4672.69350775
4677.25829221
4681.84165657
4686.44408975
4691.06461387
4695.70029527
4700.35700127
4705.02984244
4709.72077455
4714.42930866
4719.15593371
4723.90260547
4728.66345663
4733.44239872
4738.23943175
4743.05308890
4747.88581487
4752.73712073
4757.60407280
4762.48911582
4767.39322767
4772.31298573
4777.25034580
4782.20432997
4787.17738297
4792.16852691
4797.17825074
4802.20410973
4807.24708177
4812.30814476
4817.38632079
4822.48063199
4827.59401202
4832.72303827
4837.87211124
4843.03634148
4848.22012950
4853.42200845
4858.64148941
4863.87906130
4869.13521308
4874.40847792
4879.69787791
4885.00634674
4890.33535123
4895.68049088
4901.04274359
4906.42259829
4911.82054393
4917.23853629
4922.67315276
4928.12586017
4933.59812535
4939.08652570
4944.59399488
4950.11857711
4955.66222817
4961.22445911
4966.80478100
4972.40661643
4978.02360915
4983.66015963
4989.31431212
4994.98948921
5000.68324618
5006.39362726
5012.12405507
5017.87355170
5023.64309505
5029.42975145
5035.23596562
5041.06075969
5046.90608941
5052.76999902
5058.65297746
5064.55502473
5070.47809660
5076.42023731
5082.38291368
5088.36416993
5094.36498396
5100.38584471
5106.42626323
5112.48575058
5118.56724042
5124.66633227
5130.78644872
5136.92661189
5143.08779966
5149.27050099
5155.46884853
5161.69164330
5167.93399584
5174.19639509
5180.48079684
5186.78475637
5193.10827367
5199.45526030
5205.82082681
5212.20692899
5218.61698944
5225.04465189
5231.49431683
5237.96745110
5244.46112104
5250.97434875
5257.51153473
5264.07072321
5270.65044735
5277.25364082
5283.87834784
5290.52359052
5297.19376937
5303.88399493
5310.59817877
5317.33387616
5324.09108710
5330.87274525
5337.67640591
5344.50158011
5351.35022365
5358.22233651
5365.11889659
5372.03794811
5378.97704635
5385.94205864
5392.92956237
5399.94053543
5406.97595570
5414.03386742
5421.11671530
5428.22205462
5435.35184115
5442.50705279
5449.68426693
5456.88690618
5464.11497053
5471.36601526
5478.64052933
5485.94144639
5493.26583277
5500.61662216
5507.99039192
5515.39105363
5522.81665150
5530.26620764
5537.74412256
5545.24746258
5552.77769454
5560.33090688
5567.91150011
5575.51458478
5583.14847294
5590.80631938
5598.49350248
5606.20659962
5613.94365504
5621.70906924
5629.50137537
5637.32106239
5645.16715240
5653.04062329
5660.94294190
5668.87117457
5676.82825495
5684.81173832
5692.82358047
5700.86329244
5708.93136319
5717.02779271
5725.15209205
5733.30475017
5741.48478918
5749.69367590
5757.93776661
5766.20826032
5774.50662386
5782.83481300
5791.19184986
5799.57773443
5807.99637828
5816.44240301
5824.91678651
5833.42441823
5841.96040872
5850.52818060
5859.12675597
5867.75515694
5876.41485035
5885.10583621
5893.82615872
5902.58021839
5911.36654839
5920.18319294
5929.03210782
5937.91182619
5946.82479277
5955.77100758
5964.74900376
5973.75927027
5982.80131817
5991.87905900
6000.98760333
6010.13086271
6019.30785924
6028.51663716
6037.76159696
6047.03833815
6056.34930544
6065.69596566
6075.07587411
6084.49049760
6093.94081403
6103.42682339
6112.94656992
6122.50249833
6132.09363073
6141.72192290
6151.38444118
6161.08460817
6170.82095705
6180.59153203
6190.39926678
6200.24416130
6210.12768243
6220.04836332
6230.00424821
6239.99778181
6250.02896413
6260.09975094
6270.20574175
6280.35427071
6290.53995945
6300.76378584
6311.02574989
6321.32682949
6331.66702464
6342.04682428
6352.46378370
6362.92328127
6373.42189439
6383.96255672
6394.54331249
6405.16318381
6415.82461540
6426.52614042
6437.26873677
6448.05436023
6458.88056606
6469.74979900
6480.66108115
6491.61783513
6502.61370465
6513.65357917
6524.73843656
6535.86436529
6547.03381006
6558.24725982
6569.50471457
6580.80666326
6592.15408377
6603.54404245
6614.98240661
6626.46135315
6637.98723835
6649.55908433
6661.17591318
6672.84065858
6684.55185369
6696.30900957
6708.11163727
6719.96413730
6731.86210915
6743.80701967
6755.79886883
6767.83961244
6779.93022837
6792.07022768
6804.25765458
6816.49299804
6828.78016960
6841.11574665
6853.49875130
6865.93456194
6878.41975596
6890.95628913
6903.54269464
6916.17995035
6928.86707839
6941.60994608
6954.40317504
6967.24774316
6980.14316149
6993.09285264
7006.09681662
7019.15505342
7032.26462938
7045.43092288
7058.64953343
7071.92339469
7085.25103983
7098.63393568
7112.07159329
7125.56547951
7139.11608327
7152.72193775
7166.38548765
7180.10673299
7193.88469588
7207.71790948
7221.61224112
7235.56133453
7249.56910126
7263.63554131
7277.76163258
7291.94639716
7306.19276874
7320.49536891
7334.86153185
7349.28587917
7363.77378926
7378.32086161
7392.93100778
7407.60080516
7422.33269848
7437.12815456
7451.98717341
7466.91073291
7481.89492151
7496.94267288
7512.05545384
7527.23179758
7542.47610457
7557.78104067
7573.15491792
7588.59040216
7604.09776121
7619.66868304
7635.30659024
7651.01246070
7666.78433865
7682.62711354
7698.53687380
7714.51606415
7730.56272883
7746.67784572
7762.86728214
7779.12077028
7795.45004480
7811.84532680
7828.31443939
7844.85395998
7861.46682221
7878.15204822
7894.91159376
7911.73910256
7928.64533141
7945.62294614
7962.67634723
7979.80015632
7997.00415228
8014.28100094
8031.63461387
8049.06352423
8066.57262146
8084.15652718
8101.81230772
8119.55414247
8137.37176359
8155.26468214
8173.24023228
8191.29156880
8209.42455903
8227.63675824
8245.93305588
8264.30954039
8282.76621178
8301.30404793
8319.92598251
8338.63005973
8357.41627961
8376.28953159
8395.24394833
8414.28441927
8433.41192231
8452.62254588
8471.91726789
8491.29999988
8510.77171974
8530.32949381
8549.97429997
8569.70320456
8589.52696435
8609.43775624
8629.43655811
8649.52728152
8669.70699281
8689.97764774
8710.33826843
8730.78885488
8751.33527443
8771.97361551
8792.70681180
8813.53388540
8834.45190266
8855.46673089
8876.57641433
8897.78095298
8919.07936893
8940.47655165
8961.97152324
8983.56330581
9005.25483303
9027.04317123
9048.93223196
9070.91908157
9093.00469793
9115.19592628
9137.48494349
9159.87468325
9182.36807920
9204.96415347
9227.66486183
9250.46727061
9273.37137982
9296.38110101
9319.49741207
9342.72031300
9366.04491435
9389.48197290
9413.02170977
9436.66999228
9460.42877622
9484.29512791
9508.27198103
9532.35835768
9556.55621365
9580.86457103
9605.28342985
9629.81865741
9654.46340851
9679.22257259
9704.09517176
9729.08120602
9754.18165326
9779.40140292
9804.73263189
9830.18022962
9855.74810766
9881.43235445
9907.23981522
9933.15875530
9959.20188725
9985.36725529
10011.65094785
10038.05687651
10064.58308548
10091.22957475
10118.00123379
10144.89512891
10171.91321589
10199.05745052
10226.32783279
10253.72631848
10281.24606237
10308.89684334
10336.67377196
10364.58369344
10392.61976257
10420.78197934
10449.08012263
10477.50539146
10506.06463104
10534.75295193
10563.57719935
10592.53346175
10621.62760645
10650.85181035
10680.21585234
10709.71484296
10739.34780434
10769.11962591
10799.03226346
10829.08082753
10859.26727392
10889.59844783
10920.06652616
10950.67737624
10981.42806441
11012.32445799
11043.36166754
11074.54653829
11105.87222502
11137.34557293
11168.96951571
11200.73427446
11232.64571652
11264.70481977
11296.91842943
11329.27970029
11361.78961024
11394.45207082
11427.26317048
11460.22975445
11493.34693328
11526.61568485
11560.04187651
11593.62453036
11627.35777907
11661.25433519
11695.30246407
11729.50803302
11763.87495361
11798.40322584
11833.09187181
11867.93893576
11902.94832923
11938.11809644
11973.45410474
12008.95439833
12044.61702146
12080.44881932
12116.44099094
12152.60233730
12188.93090263
12225.42473115
12262.08871230
12298.92480187
12335.93397774
12373.11232835
12410.46180949
12447.98633270
12485.68198644
12523.55463803
12561.59842014
12599.82115589
12638.22186738
12676.79859884
12715.55428393
12754.48892266
12793.60838234
12832.90092833
12872.38220684
12912.04146110
12951.88651420
12991.91345461
13032.12228231
13072.51299731
13113.09831217
13153.86258066
13194.82340477
13235.97198352
13277.30831690
13318.83631647
13360.55402644
13402.46242471
13444.56737861
13486.86302081
13529.35619652
13572.04103842
13614.92439173
13658.00136700
13701.28174312
13744.75769699
13788.43216226
13832.30709471
13876.37956068
13920.65836117
13965.13958462
14009.82714258
14054.71516773
14099.81246106
14145.11413313
14190.62409550
14236.34137027
14282.26791322
14328.40763591
14374.75467101
14421.30999640
14468.08436885
14515.07485472
14562.27460876
14609.68656465
14657.31561184
14705.16957343
14753.23280320
14801.51801370
14850.02227128
14898.75144325
14947.69672863
14996.86692841
15046.25910893
15095.87913752
15145.72114684
15195.78709267
15246.08088657
15296.60448432
15347.35690802
15398.33620191
15449.54725541
15500.99495798
15552.66268551
15604.57977466
15656.72275610
15709.10727605
15761.72648929
15814.58039582
15867.67192930
15921.00891285
15974.58058968
16028.39576080
16082.44855888
16136.75169647
16191.28854945
16246.07867561
16301.11327395
16356.39723390
16411.92566603
16467.70052612
16523.73354882
16580.01299948
16636.54083386
16693.32291931
16750.36316738
16807.65962228
16865.20446092
16923.01137373
16981.07058182
17039.40164298
17097.97913209
17156.82651848
17215.92424437
17275.28600022
17334.92352068
645.03834583
645.61376348
645.73101699
645.74470744
645.73790878
645.74065618
645.76491714
645.81451006
645.89073882
645.99271864
646.11877315
646.26759849
646.43770456
646.62685618
646.83430828
647.05843106
647.29801379
647.55170606
647.81885594
648.09815958
648.38905819
648.69066700
649.00224097
649.32312816
649.65281636
649.99102615
650.33691935
650.69007687
651.05045214
651.41716041
651.79010853
652.16911025
652.55393274
652.94401720
653.33950333
653.73997204
654.14467826
654.55446020
654.96838652
655.38664348
655.80909140
656.23493865
656.66502342
657.09850751
657.53534436
657.97604620
658.42000768
658.86704251
659.31705758
659.77028571
660.22640094
660.68526357
661.14715301
661.61155701
662.07884811
662.54874691
663.02129999
663.49627450
663.97334449
664.45316188
664.93544728
665.42001441
665.90686329
666.39608704
666.88735969
667.38091409
667.87647083
668.37416962
668.87405701
669.37599331
669.87951286
670.38559355
670.89335062
671.40324973
671.91473208
672.42835648
672.94365726
673.46100695
673.97998646
674.50101487
675.02399907
675.54828711
676.07481033
676.60305649
677.13283934
677.66457796
678.19785327
678.73285152
679.26961929
679.80806343
680.34785800
680.88974804
681.43294193
681.97781220
682.52449855
683.07281472
683.62262100
684.17415023
684.72721614
685.28195843
685.83809771
686.39591336
686.95549853
687.51638755
688.07872012
688.64300847
689.20860067
689.77582268
690.34434855
690.91441110
691.48624316
692.05965847
692.63419136
693.21054034
693.78819317
694.36728954
694.94801573
695.53009234
696.11421786
696.69936784
697.28605449
697.87423126
698.46399128
699.05505516
699.64784198
700.24202578
700.83783939
701.43481717
702.03337818
702.63347588
703.23497057
703.83781567
704.44252342
705.04844189
705.65571077
706.26456290
706.87495172
707.48659782
708.10001343
708.71459320
709.33112875
709.94882844
710.56778543
711.18832566
711.81054227
712.43420243
713.05916645
713.68562058
714.31365795
714.94285949
715.57401679
716.20643139
716.84028953
717.47531183
718.11238304
718.75057183
719.39034387
720.03169917
720.67445144
721.31841443
721.96442634
722.61150926
723.26022200
723.91037829
724.56221096
725.21525435
725.86955503
726.52576491
727.18337178
727.84265503
728.50310244
729.16517965
729.82888669
730.49389757
731.16063140
731.82876222
732.49847628
733.16963390
733.84242132
734.51660573
735.19260623
735.86958461
736.54847220
737.22898960
737.91085742
738.59440163
739.27948251
739.96591382
740.65406807
741.34380557
742.03480035
742.72728525
743.42181906
744.11761016
744.81517076
745.51398866
746.21476233
746.91716582
747.62082659
748.32630344
749.03327040
749.74186718
750.45204721
751.16385706
751.87729672
752.59236619
753.30915861
754.02753428
754.74749319
755.46903536
756.19225390
756.91705570
757.64376670
758.37192126
759.10156593
759.83311981
760.56676917
761.30130328
762.03779317
762.77595945
763.51608150
764.25764710
765.00102878
765.74594714
766.49263501
767.24099927
767.99117960
768.74294318
769.49670911
770.25187202
771.00899071
771.76773921
772.52811752
773.29054475
774.05455522
774.82038178
775.58802441
776.35720372
777.12833881
777.90138312
778.67596410
779.45245430
780.23057431
781.01065010
781.79249540
782.57583082
783.36140141
784.14874151
784.93803740
785.72891653
786.52147204
787.31635585
788.11272979
788.91133890
789.71162438
790.51377252
791.31787643
792.12384298
792.93167219
793.74136403
794.55291852
795.36661506
796.18180171
796.99931666
797.81878740
798.64030704
799.46359619
800.28893426
801.11594871
801.94547772
802.77668312
803.61040309
804.44533378
805.28277904
806.12218007
806.96335062
807.80666322
808.65183845
809.49906260
810.34833565
811.19984388
812.05330789
812.90882081
813.76656890
814.62636590
815.48774615
816.35182723
817.21777096
818.08594987
818.95617768
819.82864067
820.70305943
821.57980651
822.45841622
823.33944738
824.22289997
825.10840148
825.99604502
826.88583061
827.77757198
828.67201418
829.56859842
830.46723157
831.36828616
832.27138966
833.17691460
834.08439532
834.99457687
835.90671420
836.82108670
837.73797378
838.65709603
839.57863972
840.50251171
841.42871201
842.35752001
843.28837693
844.22174841
845.15763447
846.09575570
847.03620523
847.97916934
848.92474115
849.87245500
850.82268342
851.77524015
852.73003206
853.68780419
854.64790463
855.61024025
856.57536983
857.54245520
858.51280019
859.48510095
860.46010256
861.43771186
862.41783574
863.40038106
864.38562721
865.37366733
866.36412889
867.35729128
868.35315451
869.35181171
870.35289034
871.35666981
872.36296386
873.37195873
874.38402697
875.39823726
876.41552091
877.43513286
878.45791131
879.48311120
880.51129133
881.54217228
882.57566094
883.61222297
884.65204462
885.69410145
886.73932478
887.78687641
888.83768767
889.89129290
890.94769210
892.00688526
893.06924492
894.13449168
895.20243928
896.27364650
897.34755456
898.42462912
899.50459078
900.58762580
901.67345479
902.76263654
903.85433286
904.94956821
906.04778379
907.14897960
908.25334191
909.36096385
910.47156602
911.58524156
912.70217672
913.82237151
914.94573280
916.07226059
917.20148921
918.33416373
919.46991161
920.60947791
921.75174505
922.89755121
924.04643074
925.19875616
926.35443434
927.51309276
928.67584899
929.84186485
931.01104721
932.18339607
933.35919082
934.53880399
935.72186306
936.90818176
938.09785321
939.29097056
940.48772007
941.68828800
942.89211556
944.09948215
945.31057402
946.52492553
947.74328172
948.96499068
950.19051805
951.41967759
952.65228301
953.88907939
955.12904227
956.37300983
957.62070268
958.87202770
960.12689173
961.38613299
962.64882013
963.91560510
965.18611535
966.46063030
967.73877740
969.02083606
970.30652687
971.59668803
972.89076075
974.18911755
975.49101338
976.79700702
978.10700536
979.42100838
980.73948175
982.06158727
983.38769749
984.71790552
986.05249077
987.39108071
988.73404786
990.08120596
991.43255502
992.78865382
994.14829165
995.51249295
996.88088521
998.25356156
999.63108078
1001.01251155
1002.39859894
1003.78878415
1005.18362597
1006.58265874
1007.98634812
1009.39478725
1010.80769673
1012.22535595
1013.64701986
1015.07380605
1016.50469005
1017.94060320
1019.38098669
1020.82611993
1022.27553725
1023.72989058
1025.18890053
1026.65312588
1028.12154219
1029.59563956
1031.07392788
1032.55705908
1034.04531255
1035.53868830
1037.03737259
1038.53996843
1040.04852474
1041.56117886
1043.07914153
1044.60185394
1046.12996802
1047.66283184
1049.20072481
1050.74420571
1052.29318142
1053.84718627
1055.40622026
1056.97056279
1058.54021385
1060.11526659
1061.69534847
1063.28120455
1064.87255543
1066.46912172
1068.07090342
1069.67836618
1071.29151002
1072.90968299
1074.53372329
1076.16344467
1077.79866084
1079.43974435
1081.08585700
1082.73793012
1084.39577743
1086.05958521
1087.72870153
1089.40359205
1091.08444303
1092.77125448
1094.46449205
1096.16303816
1097.86745161
1099.57810491
1101.29490495
1103.01692039
1104.74582762
1106.48078844
1108.22152346
1109.96831208
1111.72143370
1113.48088831
1115.24686217
1117.01870337
1118.79687756
1120.58166414
1122.37278372
1124.17042255
1125.97439438
1127.78469920
1129.60133702
1131.42468035
1133.25435668
1135.09129733
1136.93438470
1138.78417760
1140.64067602
1142.50378683
1144.37378943
1146.25068381
1148.13400432
1150.02458915
1151.92169324
1153.82568911
1155.73704243
1157.65547380
1159.58051756
1161.51338443
1163.45258430
1165.39932787
1167.35352203
1169.31470111
1171.28239945
1173.25820029
1175.24079978
1177.23084986
1179.22872305
1181.23386055
1183.24635550
1185.26648730
1187.29397655
1189.32938203
1191.37251750
1193.42263788
1195.48058137
1197.54616171
1199.61993769
1201.70088485
1203.79002765
1205.88717982
1207.99224824
1210.10560542
1212.22613379
1214.35560286
1216.49308130
1218.63791719
1220.79122812
1222.95366600
1225.12355447
1227.30201110
1229.48866338
1231.68341815
1233.88683423
1236.09825969
1238.31881210
1240.54718763
1242.78469011
1245.03076077
1247.28549272
1249.54916537
1251.82121992
1254.10193577
1256.39215112
1258.69037583
1260.99828631
1263.31467181
1265.63981175
1267.97445118
1270.31831071
1272.67120406
1275.03313124
1277.40427852
1279.78501841
1282.17488527
1284.57425162
1286.98311746
1289.40120339
1291.82888195
1294.26615313
1296.71283066
1299.16975275
1301.63608119
1304.11237478
1306.59835413
1309.09401923
1311.60002202
1314.11552429
1316.64043292
1319.17586550
1321.72135636
1324.27681237
1326.84260607
1329.41845804
1332.00511336
1334.60164070
1337.20906451
1339.82617408
1342.45436639
1345.09298950
1347.74213657
1350.40218011
1353.07265446
1355.75402528
1358.44647884
1361.14899069
1363.86314407
1366.58782139
1369.32339519
1372.07088992
1374.82900172
1377.59819627
1380.37856668
1383.17076489
1385.97348705
1388.78775761
1391.61394909
1394.45150271
1397.30069786
1400.16116202
1403.03317457
1405.91720119
1408.81314874
1411.72092408
1414.64071348
1417.57270321
1420.51614821
1423.47244546
1426.44019797
1429.42005768
1432.41230398
1435.41619182
1438.43311816
1441.46271050
1444.50385123
1447.55830988
1450.62487572
1453.70448008
1456.79702982
1459.90196615
1463.02012727
1466.15086123
1469.29416806
1472.45116532
1475.62138736
1478.80492732
1482.00159892
1485.21130905
1488.43443021
1491.67031050
1494.92053315
1498.18370119
1501.46093220
1504.75101545
1508.05534795
1511.37430221
1514.70629498
1518.05197820
1521.41181752
1524.78609234
1528.17424387
1531.57636523
1534.99329463
1538.42391446
1541.86934233
1545.32883316
1548.80313203
1552.29195952
1555.79540879
1559.31375921
1562.84682453
1566.39479101
1569.95784491
1573.53561372
1577.12828368
1580.73641360
1584.35981721
1587.99812198
1591.65263176
1595.32185644
1599.00672734
1602.70724446
1606.42303526
1610.15540361
1613.90267313
1617.66614765
