50665.74774683
50816.89953804
50857.12056607
50899.37299490
50952.08678395
51016.29532874
51091.30851924
51176.03987455
51269.41353083
51370.48102915
51478.46732289
51592.66814590
51712.48540282
51837.45902032
51967.14662015
52101.26861930
52239.48527128
52381.58423454
52527.35316753
52676.59034580
52829.17898148
52984.94212329
53143.79837364
53305.63448370
53470.38321197
53637.95962185
53808.28939378
53981.35483265
54157.07100183
54335.39897203
54516.32104814
54699.81953502
54885.81303507
55074.33339953
55265.34877717
55458.82023871
55654.77609634
55853.16680372
56053.98174375
56257.25984573
56462.96571940
56671.11705989
56881.67847693
57094.70659494
57310.18725783
57528.08153629
57748.43543768
57971.25604004
58196.53626531
58424.27257448
58654.51097488
58887.24792749
59122.48343229
59360.22810638
59600.53503513
59843.39006245
60088.79318833
60336.77980304
60587.37821877
60840.58135748
61096.43168747
61354.90797460
61616.10223353
61879.97199595
62146.55265212
62415.87959230
62687.98820674
62962.85018325
63240.52214622
63521.03948593
63804.39512432
64090.63860774
64379.81948256
64671.89528048
64966.95801616
65265.00061154
65566.06553495
65870.17402053
66177.35438049
66487.65616119
66801.11475289
67117.70184338
67437.48821318
67760.51633060
68086.83574200
68416.42521322
68749.36968088
69085.66914499
69425.38022995
69768.51001382
70115.11512101
70465.23801982
70818.90702248
71176.15044117
71537.03905642
71901.55871212
72269.81557906
72641.78842306
73017.53386855
73397.12269604
73780.56198359
74167.91543365
74559.20428038
74954.47807014
75353.80050540
75757.17866421
76164.66917098
76576.34280622
76992.20664799
77412.35271096
77836.78807318
78265.56228101
78698.73195887
79136.36080921
79578.49130034
80025.13758838
80476.39876604
80932.29606748
81392.85072684
81858.17599297
82328.30017805
82803.25159431
83283.10102224
83767.89800823
84257.69209862
84752.56115198
85252.56887078
85757.65155256
86268.01446080
86783.66467357
87304.58803475
87830.95441759
88362.74966598
88900.03748238
89442.90988147
89991.40933156
90545.58537900
91105.48757017
91671.18668556
92242.71811545
92820.23757696
93403.67428958
93993.18397045
94588.81616592
95190.57795405
95798.61089587
96412.90791333
97033.56809914
97660.66223383
98294.28233206
98934.40715969
99581.11457527
100234.55321789
100894.73016560
101561.71619892
102235.56794226
102916.39864445
103604.24369574
104299.18095469
105001.27412379
105710.57274938
106427.14761198
107151.13319457
107882.51534104
108621.41437829
109367.89400876
110122.05332518
110883.92063975
111653.55257690
112431.08361959
113216.54208004
114009.97750461
114811.53145432
115621.22516334
116439.15772438
117265.37868381
118099.98005629
118943.08924675
119794.66378689
120654.90186214
121523.80347252
122401.43939853
123287.92288899
124183.35303664
125087.70152926
126001.19486451
126923.81888628
127855.65853119
128796.79873586
129747.33859301
130707.27810264
131676.78713799
132655.92232347
133644.76859570
134643.38257909
135651.84921026
136670.21095753
137698.65185022
138737.18604445
139785.91263294
140844.84577179
141914.15533423
142993.91210079
144084.14438367
145184.97958779
146296.51680589
147418.75603795
148551.86715722
149695.90678811
150850.97402334
152017.13964343
153194.41780448
154383.00669193
155582.92046189
156794.24405098
158017.09070802
159251.58783793
160497.63634801
161755.49104810
163025.22271872
164306.91629648
165600.61424971
166906.42982721
168224.39134121
169554.64035273
170897.27595448
172252.35477090
173619.99005079
175000.19595027
176393.18481088
177798.90000820
179217.58219600
180649.13228154
182093.84754300
183551.62888765
185022.67450094
186506.97022676
188004.77087498
189516.07644558
191040.84447026
192579.30144668
194131.58893585
195697.63615727
197277.65545249
198871.70344591
200479.90754247
202102.26774216
203738.85482550
205389.93775845
207055.36082387
208735.39298773
210429.97762561
212139.38370347
213863.58290911
215602.73095965
217356.79954290
219125.98684430
220910.26455164
222709.87331867
224524.72820878
226355.21143675
228201.03988051
230062.66653538
231939.89321589
233832.80485868
235741.67042971
237666.58902168
239607.53232241
241564.58526850
243537.80448437
245527.38815546
247533.42121840
249555.96029758
251595.00539303
253650.86793900
255723.34975004
257812.79057264
259919.10547018
262042.52094030
264183.09360743
266340.71022272
268515.76715708
270708.15116167
272918.08873415
275145.49493790
277390.65289497
279653.44935656
281934.08250809
284232.72222281
286549.31187630
288883.96471739
291236.82230711
293607.96958208
295997.51979113
298405.38799763
300831.97057247
303277.04101801
305740.88245630
308223.49488735
310724.93493557
313245.37247419
315784.92075205
318343.57976913
320921.49108648
323518.71132851
326135.29711962
328771.47495747
331427.18821764
334102.55014896
336797.73062468
339512.67302036
342247.63214588
345002.52306461
347777.54396200
350572.86471128
353388.23050261
356224.06601906
359080.45619726
361957.28778839
364854.73066568
367772.92639017
370711.76171303
373671.60469294
376652.42701769
379654.25699949
382677.09463835
385721.25136852
388786.84043884
391873.74860048
394982.00416565
398111.89025640
401263.46349716
404436.66726351
407631.84130192
410848.78742695
414087.73213625
417348.76036644
420631.95705414
423937.20895052
427264.91242647
430614.98254538
433987.50424385
437382.50583410
440800.27043819
444240.65649509
447704.00375128
451190.02908468
454699.21380281
458231.35972023
461786.63671017
465365.01646042
468966.92365408
472592.13179350
476240.81075191
479913.01715374
483608.72268677
487328.32372189
491071.53713703
494838.75930309
498629.76372242
502444.94676590
506284.13856030
510147.50897884
514035.11464596
517947.01218605
521883.37147236
525844.19250488
529829.75840569
533839.78605270
537874.50194359
541934.30244923
546018.79119873
550128.36456299
554262.79604435
558422.53863811
562607.25259781
566817.50416756
571052.95360088
575313.94064426
579600.46529770
583912.47093678
588250.18405914
592613.54804039
597002.84600258
601417.73819923
605858.90412331
610325.89077950
614819.15116310
619338.62864971
623884.09674168
628456.23493195
633054.70347404
637679.55899239
642330.91473579
647008.99720192
651713.69314194
656445.22905350
661203.83143425
665989.04728889
670801.55611038
675640.73503017
680507.20691681
685400.91514587
690322.14283943
695270.60687542
700246.36387825
705249.69696999
710280.60615063
715339.09142017
720425.37927628
725539.52634335
730681.64587021
735851.45473480
741049.12281036
746275.15971661
751529.33895588
756811.60390377
762122.06780910
767460.95716953
772828.44185829
778224.01225567
783648.51772785
789101.22215748
794582.57853985
800092.92662144
805631.92665577
811199.97501373
816796.61870003
822423.04682732
828077.67391205
833761.97218895
839475.48866272
845218.33658218
850990.06295204
856791.68701172
862622.69914150
868483.38246346
874373.28398228
880292.96994209
886242.61021614
892221.92168236
898230.79109192
904270.01118660
910339.18559551
916438.48419189
922567.62385368
928727.34069824
934917.12510586
941137.03370094
947387.46285439
953668.12944412
959979.25996780
966321.19417191
972693.36581230
979096.56763077
985530.57312965
991995.38230896
998490.88191986
1005017.18521118
1011574.63192940
1018163.10882568
1024782.61590004
1031433.49289894
1038115.62657356
1044828.90367508
1051572.75795937
1058348.77490997
1065156.38828278
1071995.25833130
1078865.83805084
1085767.67444611
1092701.33376122
1099666.58949852
1106663.89465332
1113693.02272797
1120754.08697128
1127847.08738327
1134972.13721275
1142129.46295738
1149318.38512421
1156540.03620148
1163793.96319389
1171079.93960381
1178398.19192886
1185748.94666672
1193131.86407089
1200547.39713669
1207995.99885941
1215476.76324844
1222990.14329910
1230536.47875786
1238115.31662941
1245726.99666023
1253371.97184563
1261049.67594147
1268760.22219658
1276503.49736214
1284280.74717522
1292090.72589874
1299933.54678154
1307810.22906303
1315719.41375732
1323663.02609444
1331639.70708847
1339649.68323708
1347693.52078438
1355770.08724213
1363880.62834740
1372024.35135841
1380202.50201225
1388414.17431831
1396659.48152542
1404938.42363358
1413251.90663338
1421599.36428070
1429980.23033142
1438395.52402496
1446844.79236603
1455327.69560814
1463845.36623955
1472397.23801613
1480983.31093788
1489603.24525833
1498257.83371925
1506947.18956947
1515670.85981369
1524428.73120308
1533221.70972824
1542047.98340797
1550909.36422348
1559806.07867241
1568737.33401299
1577703.01699638
1586703.12762260
1595738.91162872
1604809.12327766
1613914.32881355
1623054.98123169
1632230.28779030
1641440.58823586
1650685.99581718
1659966.39728546
1669282.47213364
1678633.20112228
1688019.37699318
1697440.77324867
1706898.06938171
1716390.13290405
1725917.86980629
1735480.71384430
1745079.91075516
1754714.32805061
1764384.53197479
1774089.95628357
1783831.16722107
1793608.16478729
1803421.06223106
1813269.18005943
1823153.65076065
1833073.68159294
1843030.06529808
1853021.44289017
1863049.85284805
1873113.59643936
1883214.25914764
1893350.14224052
1903522.49145508
1913730.96704483
1923976.36175156
1934256.86359406
1944574.51105118
1954927.26564407
1965317.39234924
1975743.75867844
1986206.13813400
1996705.43670654
2007240.74840546
2017812.97922134
2028421.90265656
2039066.38622284
2049748.24190140
2060467.01669693
2071222.03111649
2082014.64414597
2092843.04380417
2103708.13608170
2114610.14747620
2125549.53098297
2136525.38061142
2147538.37585449
2158588.74320984
2169675.35018921
2180799.32928085
2191960.22748947
2203157.81831741
2214393.46075058
2225665.56930542
2236975.27647018
2248321.44975662
2259704.99515533
2271125.91266632
2282584.42878723
2294079.63752747
2305612.44487762
2317182.39784241
2328790.62891006
2340434.87310410
2352118.07489395
2363838.64879608
2375596.14181519
2387391.45994186
2399223.92368317
2411093.75953674
2423002.09999084
2434947.81255722
2446931.35023117
2458951.58052444
2471010.54191589
2483106.87541962
2495241.71352386
2507413.92374039
2519623.73256683
2531872.27249146
2544157.50503540
2556480.78918457
2568841.89844131
2581241.51229858
2593678.95126343
2606154.66833115
2618668.43700409
2631219.57778931
2643809.90266800
2656437.37316132
2669104.48074341
2681807.82794952
2694550.58574677
2707331.62164688
2720150.48265457
2733007.39526749
2745903.26547623
2758837.41378784
2771809.61370468
2784819.86522675
2797868.16835403
2810955.88207245
2824081.64739609
2837245.23782730
2850447.10636139
2863688.61198425
2876968.39570999
2890285.32505035
2903641.66498184
2917036.28301620
2930470.08514404
2943943.07136536
2957452.97670364
2971002.06613541
2984591.24565125
2998218.02377701
3011883.53300095
3025587.77332306
3039329.83875275
3053111.08827591
3066931.29539490
3080790.91310501
3094688.58242035
3108625.66232681
3122600.79383850
3136614.65644836
3150668.15614700
3164760.61344147
3178892.48132706
3193062.62731552
3207272.41039276
3221519.56558228
3235805.90486526
3250133.01372528
3264497.94769287
3278901.15976334
3293343.78242493
3307826.72166824
3322346.35353088
3336907.66096115
3351507.01999664
3366144.65713501
3380821.70486450
3395539.06917572
3410294.93808746
3425090.67058563
3439925.13418198
3454798.78187180
3469710.93416214
3484662.72354126
3499654.15000916
3514683.17508698
3529752.74324417
3544861.26899719
3560009.88483429
3575197.45826721
3590424.89528656
3605691.96939468
3620997.09510803
3636340.95191956
3651726.03130341
3667149.84178543
3682612.60986328
3698115.01502991
3713658.41627121
3729239.86911774
3744860.95905304
3760521.00658417
3776221.14419937
3791959.55991745
3807737.61272430
3823556.20861053
3839411.95011139
3855309.36717987
3871246.19483948
3887221.07410431
3903238.53492737
3919293.59436035
12710.47978662
12744.83092129
12758.28806683
12769.94426735
12782.31025208
12796.01710849
12811.16018072
12827.67893281
12845.47045361
12864.41669799
12884.41778161
12905.36171291
12927.16828175
12949.76030476
12973.07573259
12997.05705605
13021.65130619
13046.82216141
13072.52724655
13098.73629361
13125.41298103
13152.54974179
13180.11176772
13208.08241144
13236.44805234
13265.19355644
13294.29924954
13323.75453785
13353.55942138
13383.69271252
13414.15895149
13444.94149089
13476.03276372
13507.42974319
13539.12637569
13571.12568803
13603.41859981
13636.00057084
13668.87462791
13702.02866383
13735.46419200
13769.18272581
13803.18123847
13837.45670319
13872.01063335
13906.84605576
13941.94783643
13977.33262274
14012.99133431
14048.92699793
14085.13507340
14121.62464112
14158.38662069
14195.42252552
14232.74294939
14270.33427171
14308.21011309
14346.36441991
14384.80627257
14423.52961749
14462.53142785
14501.82835106
14541.39919952
14581.26667421
14621.43077515
14661.88393533
14702.62615476
14743.66651382
14785.01106612
14826.65527146
14868.60064324
14910.85020825
14953.40850670
14996.27251178
15039.44525030
15082.93731604
15126.74416881
15170.87186221
15215.31888284
15260.08977089
15305.18755317
15350.61525647
15396.37439419
15442.47556012
15488.90513368
15535.67976225
15582.79793244
15630.26872464
15678.08911204
15726.25909466
15774.79531989
15823.68265372
15872.93774355
15922.55302239
15972.54665103
16022.91560266
16073.65382370
16124.78401512
16176.28801614
16228.19306795
16280.48554994
16333.17151573
16386.26307249
16439.75113984
16493.64631157
16547.95312788
16602.68066917
16657.82439522
16713.39338645
16769.39369645
16825.82532521
16882.69129954
16939.99615964
16997.75201268
17055.96339889
17114.62426465
17173.74066357
17233.33226983
17293.38394944
17353.91537659
17414.92503788
17476.41747352
17538.39722369
17600.87034199
17663.84590883
17727.32543759
17791.31195508
17855.81454169
17920.83773762
17986.39213666
18052.47319862
18119.09000389
18186.25163287
18253.96413915
18322.22298253
18391.04783721
18460.44324338
18530.40768765
18600.93965661
18672.06185125
18743.77427157
18816.08902477
18888.99854384
18962.52098959
19036.66241560
19111.41979508
19186.81128882
19262.83841021
19339.51175306
19416.82980396
19494.80164330
19573.43937829
19652.74906252
19732.74280317
19813.41303326
19894.78094038
19976.84955131
20059.62340627
20143.11158564
20227.32619662
20312.26572581
20397.95287419
20484.38007478
20571.56094816
20659.50154793
20748.20944108
20837.70732861
20927.98764352
21019.06097960
21110.93490385
21203.62455025
21297.13899922
21391.47825073
21486.66954599
21582.69472420
21679.59313374
21777.34358702
21875.96878503
21975.47932155
22075.88427700
22177.19121836
22279.41225283
22382.56554119
22486.64654326
22591.66585281
22697.63709046
22804.57236338
22912.47318499
23021.36982325
23131.26227818
23242.14752298
23354.04977202
23466.97205212
23580.92798386
23695.93421463
23811.99074443
23929.11876086
24047.31675051
24166.61952157
24287.01950703
24408.52881409
24531.16106335
24654.92684860
24779.84584402
24905.91804963
25033.16919319
25161.59019433
25291.21586122
25422.03711346
25554.08421904
25687.36625835
25821.88625820
25957.65632577
26094.70975585
26233.03141445
26372.65156955
26513.57627474
26655.82974441
26799.40592498
26944.32903081
27090.61722271
27238.27050067
27387.31005229
27537.76009195
27689.61456604
27842.88860857
27997.61248752
28153.79528329
28311.44304946
28470.56486644
28631.19402900
28793.33053716
28956.99557848
29122.19823338
29288.95968944
29457.27994666
29627.20138021
29798.70885611
29971.84474953
30146.60906047
30322.99876213
30501.07439049
30680.81173114
30862.23802529
31045.38354091
31230.23919761
31416.84434377
31605.19595258
31795.32429203
31987.23844253
32180.94143085
32376.47865899
32573.84710014
32773.06794189
32974.15026464
33177.13341676
33381.99621066
33588.78102154
33797.50298336
34008.18328373
34220.83100304
34435.47035567
34652.10739523
34870.77238970
35091.47139266
35314.21953812
35539.05314766
35765.97222127
35994.99189295
36226.15151107
36459.45107564
36694.90874745
36932.55782127
37172.41948470
37414.47860375
37658.77452679
37905.33752181
38154.16758880
38405.28591536
38658.73487666
38914.50236551
39172.63075709
39433.12005140
39696.00051641
39961.28728613
40229.00760174
40499.16146323
40771.78519219
41046.90905660
41324.51489568
41604.67535257
41887.35713251
42172.60866426
42460.44508182
42750.88151917
43043.93613711
43339.65131082
43638.03006709
43939.09056671
44242.86913127
44549.36878756
44858.61677676
45170.61915249
45485.42131670
45803.03234980
46123.48857336
46446.77485339
46772.96383306
47102.03735158
47434.03778411
47768.94696988
48106.84360564
48447.71255739
48791.58711992
49138.48545402
49488.43177408
49841.44121408
50197.54404202
50556.76447228
50919.10855845
51284.61867571
51653.30693126
52025.19148588
52400.29655397
52778.64634991
53160.27719527
53545.19514367
53933.42440948
54325.00736788
54719.92585808
55118.23436245
55519.95104179
55925.09405687
56333.68762210
56745.76200545
57161.32326052
57580.40165529
58003.03956494
58429.22488227
58859.02419686
59292.41934791
59729.47692499
60170.18482089
60614.57330361
61062.66658753
61514.52520862
61970.10679170
62429.47792634
62892.64466614
63359.66149345
63830.51630110
64305.25751784
64783.92146528
65266.48392901
65753.00544500
66243.51628125
66738.01643774
67236.53012887
67739.09972981
68245.73734775
68756.47930428
69271.33770660
69790.35492986
70313.54308128
70840.92637524
71372.54113331
71908.39946270
72448.51952419
72992.96790734
73541.69618338
74094.81331706
74652.30114758
75214.14756775
75780.45548871
76351.18253529
76926.41345784
77506.13614917
78090.36877006
78679.18396369
79272.55146205
79870.54390833
80473.16130251
81080.43996617
81692.39806011
82309.07795951
82930.47361076
83556.62738904
84187.58772314
84823.33645225
85463.92805874
86109.40491781
86759.74886864
87415.01439363
88075.20754635
88740.38886279
89410.56439653
90085.72809398
90766.00708067
91451.33476704
92141.74142107
92837.32995391
93538.05193678
94243.91342327
94955.02337813
95671.38180137
96392.96447858
97119.86826733
97852.06895322
98589.60891142
99332.53051713
100080.80955595
100834.58526060
101593.76077354
102358.45111310
103128.57758254
103904.29757535
104685.56266278
105472.40916640
106264.86130059
107062.96749413
107866.72774702
108676.20259523
109491.37993157
110312.29607761
111139.02367651
111971.51429951
112809.85269696
113654.06308323
114504.15756553
115360.17246544
116222.05935419
117090.01194686
117963.90917152
118843.84788573
119729.82808948
120621.91031873
121520.11878788
122424.39296097
123334.84180272
124251.52584910
125174.40877855
126103.53901982
127038.94078732
127980.66250980
128928.71629447
129883.05371255
130843.83215755
131811.06373668
132784.63948518
133764.72890377
134751.35620683
135744.46085840
136744.12760884
137750.35645813
138763.24426383
139782.74259716
140808.88777971
141841.75245464
142881.32451475
143927.62817442
144980.73607683
146040.62400758
147107.32828826
148180.90945482
149261.34329289
150348.78719598
151443.07166338
152544.36619580
153652.71922201
154768.03388447
155890.38282633
157019.83869076
158156.38937056
159300.10750890
160450.96889138
161609.09458995
162774.42406863
163947.00575620
165126.87597424
166314.04682994
167508.53043050
168710.37520468
169919.61747408
171136.28145307
172360.46399921
173592.01982617
174831.17897063
176077.84457505
177332.05296099
178593.88887882
179863.32811415
181140.49173892
182425.22235960
183717.72579849
185017.97784120
186325.94216615
187641.72773808
188965.35877138
190296.81105167
191636.14511490
192983.37306827
194338.48280460
195701.55907422
197072.77137786
198451.82914287
199838.93819153
201234.24381018
202637.63703406
204049.14207757
205468.78315508
206896.58448100
208332.64291286
209776.93423629
211229.50688004
212690.36084414
214159.52034295
215637.00959086
217122.92544544
218617.17104912
220119.94011700
221631.16000593
223150.80650151
224679.12174761
226215.98467231
227761.32263243
229315.30512869
230877.85951793
232449.17951524
234029.14404869
235617.84997582
237215.29729664
238821.53443992
240436.53719127
242060.42662263
243693.17851961
245334.76866782
246985.34235358
248644.77850497
250313.17397952
251990.57720602
253677.08504200
255372.60062993
257077.24504173
258790.94563425
260513.82347941
262245.83014846
263987.03828454
265737.54474521
267497.18002975
269266.25892520
271044.39400136
272832.04533160
274629.06762958
276435.46089530
278251.32198632
280076.48140192
281911.18128598
283755.44585288
285609.12981629
287472.40267694
289345.36129236
291227.83616185
293119.92414296
295021.72209322
296933.08472633
298854.42368686
300785.42418778
302726.18308663
304676.60352588
306636.95186377
308607.15545714
310587.28694916
312577.24948227
314577.26098597
316587.22460270
318607.14033246
320637.08081841
322677.04606056
324727.03605890
326787.22031415
328857.57461190
330937.90523708
333028.57540548
335129.43983078
337240.52272737
339361.92095280
341493.56186390
343635.46967506
345787.83810139
347950.49764216
350123.52094054
352307.05328286
354500.99781156
356705.57245612
358920.36557198
361145.90987563
363381.93900883
365628.69511545
367885.96026599
370153.87974679
372432.38091469
374721.70591354
377021.61259949
379332.22204447
381653.92167866
383986.25142872
386329.30815220
388683.38242173
391048.28052223
393423.95402491
395810.83878875
398208.49895477
400617.20088124
403036.87192500
405467.58472919
407909.31507945
410362.28090525
412826.14320517
415301.24098063
417787.62266040
420285.04610062
422793.70501637
425313.64783645
427844.87456083
430387.33676076
432941.27658010
435506.40344620
438082.95950294
440670.84789276
443270.16547322
445880.91224432
448503.18506360
451136.98393106
453782.40570426
456439.35352564
459107.73053765
461787.73045540
464479.49856520
467182.79272318
469898.00035954
472624.73404408
475363.28434944
478113.55441809
480875.39896369
483649.25384521
486434.97377634
489232.41347075
492041.76664352
494863.13015223
497696.35871053
500541.59760475
503398.84683490
506268.15482974
509149.42473173
512042.75339842
514948.14082980
517865.82916975
520795.38255930
523737.23685741
526691.14992023
529657.41232038
532635.97562909
535626.59770250
538629.61754203
541644.74457502
544672.31780291
547712.19193935
550764.70598578
553829.13351059
556906.49151802
559996.24729156
563098.20711613
566212.75842190
569339.85278010
572479.68390584
575631.81594014
578796.49102688
581973.80602360
585164.05150294
588366.79160595
591582.12319016
594810.38525701
598051.28723383
601305.07126451
604571.34991884
607850.80119967
611142.84396172
614447.57506251
617765.43036103
621096.07085586
624439.69026208
627796.33700848
631165.81737995
634548.32509160
637943.81171465
641352.47096419
644774.15755391
648209.06519890
651657.04861283
655118.10779572
658592.29117632
662079.69561219
665580.36953211
669094.11922097
672621.23525143
676161.66919470
679715.32419324
683282.29710460
686862.63635755
690456.39038086
694063.55917454
697684.14273858
701318.04421544
704965.36046267
708626.09148026
712300.47941208
715988.57268691
719690.22601843
723405.29412031
727133.87385011
730876.11049414
1776.72667196
1780.99649493
1782.53719350
1783.82041631
1785.14579311
1786.59723606
1788.19849389
1789.95253518
1791.85421439
1793.89284458
1796.05793674
1798.33939765
1800.72832154
1803.21560474
1805.79293519
1808.45437571
1811.19438494
1814.00643196
1816.88735029
1819.83120274
1822.83541653
1825.89642936
1829.01246008
1832.17915474
1835.39433638
1838.65760919
1841.96560876
1845.31714767
1848.71103847
1852.14470839
1855.61835533
1859.12940651
1862.67825775
1866.26292998
1869.88342321
1873.53835208
1877.22652918
1880.94874611
1884.70381545
1888.49054975
1892.30894903
1896.15901327
1900.03935713
1903.95017853
1907.89127955
1911.86246229
1915.86352885
1919.89250015
1923.95175109
1928.03969840
1932.15614418
1936.30148424
1940.47472905
1944.67627443
1948.90651619
1953.16466270
1957.44972443
1961.76407626
1966.10593703
1970.47590045
1974.87376863
1979.29934366
1983.75242762
1988.23381215
1992.74369515
1997.28069128
2001.84717542
2006.44017896
2011.06187887
2015.71148355
2020.38998250
2025.09579249
2029.83029885
2034.59389741
2039.38599443
2044.20718364
2049.05667342
2053.93584911
2058.84352326
2063.78147705
2068.74832511
2073.74584861
2078.77206849
2083.82837009
2088.91554503
2094.03161425
2099.17915054
2104.35756017
2109.56605151
2114.80680155
2120.07842492
2125.38131746
2130.71567705
2136.08269114
2141.48137020
2146.91211004
2152.37649390
2157.87274064
2163.40243351
2168.96517668
2174.56215760
2180.19298045
2185.85724942
2191.55753730
2197.29127130
2203.05924304
2208.86402531
2214.70403485
2220.57946958
2226.49072530
2232.43879154
2238.42445994
2244.44594933
2250.50603040
2256.60213036
2262.73662411
2268.91050115
2275.12257406
2281.37363447
2287.66467189
2293.99509262
2300.36588619
2306.77685468
2313.22938344
2319.72208712
2326.25734061
2332.83474809
2339.45371583
2346.11622291
2352.82088397
2359.56868855
2366.36121990
2373.19748849
2380.07967127
2387.00539339
2393.97782134
2400.99616349
2408.06081565
2415.17336108
2422.33281024
2429.53995476
2436.79499254
2444.09911102
2451.45250810
2458.85538170
2466.30891925
2473.81391237
2481.36956943
2488.97628626
2496.63604191
2504.34844056
2512.11486757
2519.93492711
2527.80842129
2535.73752707
2543.72145282
2551.76178180
2559.85772237
2568.01204523
2576.22376084
2584.49306712
2592.82174520
2601.20959720
2609.65860216
2618.16658312
2626.73650868
2635.36936836
2644.06417264
2652.82210894
2661.64456261
2670.53074203
2679.48223045
2688.49942368
2697.58449867
2706.73448686
2715.95354425
2725.24127504
2734.59827295
2744.02513169
2753.52264289
2763.09159817
2772.73338288
2782.44661167
2792.23445104
2802.09630728
2812.03396153
2822.04741379
2832.13765360
2842.30468096
2852.55087074
2862.87523340
2873.28093546
2883.76698736
2894.33635771
2904.98548420
2915.71990820
2926.53765064
2937.44108640
2948.43080919
2959.50642321
2970.67069914
2981.92304326
2993.26543463
3004.69708163
3016.22174447
3027.83803781
3039.54912815
3051.35382805
3063.25411657
3075.24999371
3087.34423015
3099.53603428
3111.82797886
3124.21927229
3136.71308104
3149.30821769
3162.00903617
3174.81316160
3187.72336468
3200.74103074
3213.86655560
3227.09954344
3240.44375448
3253.89958452
3267.46742940
3281.14946606
3294.94529869
3308.85651056
3322.88646605
3337.03318611
3351.29944142
3365.68760686
3380.19689079
3394.82887648
3409.58712623
3424.46926516
3439.47964720
3454.61748075
3469.88514066
3485.28302275
3500.81468932
3516.47895295
3532.27779269
3548.21160436
3564.28553350
3580.49799688
3596.84939031
3613.34367190
3629.98123746
3646.76208701
3663.68899122
3680.76313753
3697.98769243
3715.35988525
3732.88684059
3750.56657940
3768.39989331
3786.39113624
3804.53991238
3822.84780499
3841.31679311
3859.94885582
3878.74438893
3897.70418406
3916.83259513
3936.13001797
3955.59764002
3975.23744032
3995.05060632
4015.04030451
4035.20574328
4055.55008911
4076.07690431
4096.78500146
4117.67754704
4138.75533268
4160.02152488
4181.47572782
4203.12150382
4224.96162355
4246.99410796
4269.22449842
4291.65081587
4314.27860167
4337.10904326
4360.14253646
4383.38145614
4406.82817716
4430.48586603
4454.35293950
4478.43414731
4502.73028109
4527.24371571
4551.97603442
4576.92961209
4602.10642777
4627.50846054
4653.13729364
4678.99490613
4705.08446451
4731.40636459
4757.96496030
4784.76064745
4811.79580092
4839.07002490
4866.59163143
4894.35666241
4922.36947175
4950.63243434
4979.14911248
5007.92069361
5036.94836516
5066.23252295
5095.77989578
5125.59087947
5155.66666145
5186.01040822
5216.62528627
5247.51050398
5278.67160272
5310.10858249
5341.82619303
5373.82641342
5406.10766038
5438.67705856
5471.53619118
5504.68466245
5538.12761791
5571.86347432
5605.89935631
5640.23684710
5674.87594672
5709.82377976
5745.07638812
5780.64247966
5816.52086694
5852.71194577
5889.22481984
5926.05751008
5963.21318299
6000.69263019
6038.50416373
6076.64580457
6115.11874013
6153.93088665
6193.07947345
6232.56885447
6272.40219619
6312.58424837
6353.11461519
6393.99685897
6435.23256294
6476.82687268
6518.78255885
6561.09803822
6603.78043540
6646.83450013
6690.25746174
6734.05248672
6778.22749130
6822.78010063
6867.71585606
6913.03871572
6958.74788798
7004.84812260
7051.33941956
7098.22969511
7145.51974088
7193.21193174
7241.31022580
7289.81778957
7338.73383142
7388.06389272
7437.81272322
7487.98111454
7538.57144155
7589.58924562
7641.03690162
7692.91440956
7745.22810243
7797.98272997
7851.17750056
7904.81399745
7958.89855362
8013.43354397
8068.42530146
8123.87065962
8179.77832630
8236.14434339
8292.97900200
8350.28230213
8408.05978514
8466.31065942
8525.04046634
8584.25553888
8643.95191893
8704.13752273
8764.81710002
8825.99065080
8887.66213320
8949.83471371
9012.51076721
9075.69820993
9139.39466700
9203.60805467
9268.33837293
9333.58403854
9399.35850911
9465.66099301
9532.49940649
9599.86899979
9667.77452268
9736.22230813
9805.21631427
9874.75574948
9944.85090487
10015.49861394
10086.70758456
10158.47623348
10230.81010208
10303.70919034
10377.18774751
10451.23627409
10525.86664446
10601.08044185
10676.88004114
10753.27019207
10830.25564440
10907.83481486
10986.02036946
11064.80360031
11144.19638179
11224.20267202
11304.82009612
11386.05815358
11467.92001091
11550.40804297
11633.52699950
11717.27371402
11801.66164413
11886.68999821
11972.36035950
12058.67985263
12145.65164410
12233.27810876
12321.56478800
12410.51405668
12500.13303943
12590.41302837
12681.37302250
12773.00589718
12865.32669328
12958.32828619
13052.01938376
13146.40790224
13241.48671702
13337.26691082
13433.75323340
13530.94885126
13628.85218114
13727.47272253
13826.81364194
13926.88127235
14027.67244726
14129.19508293
14231.45551234
14334.45056900
14438.18816915
14542.67464578
14647.91633189
14753.91322747
14860.66216603
14968.17264706
15076.45100355
15185.50356850
15295.33034191
15405.93449026
15517.31759682
15629.48916107
15742.45234951
15856.21349514
15970.76626495
16086.12174168
16202.28784159
16319.25981492
16437.04399467
16555.65146357
16675.07905513
16795.33310235
16916.41518846
17038.33797947
17161.09672561
17284.69459340
17409.14266557
17534.44410861
17660.59733927
17787.61344030
17915.49082845
18044.23267022
18173.84846509
18304.34137955
18435.71141362
18567.95856729
18701.10658929
18835.13489738
18970.07199004
19105.90045154
19242.64403060
19380.28689474
19518.84804294
19658.32272545
19798.72360826
19940.04910812
20082.29922503
20225.48979148
20369.61605772
20514.68594000
20660.70893779
20807.67396837
20955.60794696
21104.48870808
21254.33841720
21405.15390784
21556.94467947
21709.71231535
21863.45364898
22018.18609610
22173.90807346
22330.63066378
22488.34120110
22647.06026763
22806.78628013
22967.52715483
23129.28130850
23292.05032438
23455.84686846
23620.67094073
23786.52729094
23953.42858508
24121.36215717
24290.34858942
24460.37679911
24631.46736845
24803.61396447
24976.82292014
25151.09740198
25326.45007595
25502.87619233
25680.37416786
25858.95983502
26038.64111006
26219.41799298
26401.28731728
26584.26966518
26768.35078746
26953.54651660
27139.86001909
27327.29446143
27515.84667712
27705.53566515
27896.35192603
28088.31445873
28281.41693026
28475.66884011
28671.06385529
28867.62414128
29065.34019858
29264.23419267
29464.28712457
29665.51799327
29867.92363226
30071.50404155
30276.28455311
30482.24616796
30689.41105157
30897.77920395
31107.36012459
31318.14431399
31530.14127165
31743.36366355
31957.81148970
32173.47841710
32390.37711173
32608.51390660
32827.89513469
33048.51446301
33270.38455755
33493.51808429
33717.89604425
33943.55326891
34170.48342526
34398.67068082
34628.14986706
34858.89881849
35090.93970060
35324.26301390
35558.89725685
35794.82026398
36032.04786777
36270.58323473
36510.44536382
36751.61842257
36994.10241097
37237.92899400
37483.08550566
37729.56877947
37977.41997987
38226.58527642
38477.11533308
38729.00381684
38982.25072771
39236.84973270
39492.83566326
39750.18635392
40008.90813768
40269.02951300
40530.51881492
40793.41087490
41057.69302696
41323.38743657
41590.47827125
41858.97819698
42128.89671326
42400.23065358
42672.98635095
42947.17330486
43222.79468179
43499.86948073
43778.35970372
44058.31284821
44339.70991522
44622.56040424
44906.87381476
45192.65647978
45479.90206629
45768.62324029
46058.82316828
46350.50185025
46643.67511868
46938.34297359
47234.51491445
47532.16877580
47831.34572208
48132.02358782
48434.20553952
48737.93274164
49043.19252819
49349.95640069
49658.26552361
49968.11989695
50279.49418873
50592.43906289
50906.91968799
51222.96772897
51540.56735337
51859.73756015
52180.47201633
52502.77388841
52826.68750733
53152.16220915
53479.21699286
53807.88035691
54138.11430335
54469.98216212
54803.46493423
55138.54362071
55475.24355352
55813.57739866
56153.52615714
56495.08982897
56838.31274509
57183.17590654
57529.64131534
57877.80396640
58227.60052979
58579.05000448
58932.17772245
59286.95835173
59643.41089129
60001.52267516
60361.33170128
60722.83796966
61086.02881432
61450.92956722
61817.50856340
62185.80380082
62555.77094853
62927.47333646
63300.90463161
63676.05850101
64052.91594565
64431.52762949
64811.84288859
65193.93771887
65577.76778936
65963.32676709
66350.65898299
66739.72643912
67130.57979941
67523.18106592
67917.58090258
68313.74131143
68711.67495847
69111.40084267
69512.92529702
69916.24198854
70321.36358321
70728.27108204
71136.98981702
71547.50078917
71959.88632739
72374.05143678
72790.01511633
73207.82802999
73627.51550972
74049.01422560
74472.36217558
74897.55302668
75324.58677888
75753.49509716
76184.27798152
84.57830292
84.59786070
84.54929630
84.50788271
84.47872329
84.46180582
84.45612795
84.46054679
84.47402332
84.49547575
84.52409733
84.55913019
84.59988370
84.64586281
84.69654800
84.75150535
84.81042314
84.87297135
84.93880770
85.00779775
85.07967257
85.15419991
85.23126977
85.31071711
85.39243194
85.47626756
85.56212619
85.64989170
85.73950297
85.83086834
85.92391445
86.01860463
86.11483499
86.21261164
86.31181845
86.41244320
86.51446755
86.61781205
86.72244614
86.82836982
86.93554031
87.04390260
87.15343836
87.26413536
87.37599361
87.48898254
87.60304714
87.71821798
87.83442172
87.95171336
88.07001344
88.18935254
88.30968174
88.43101328
88.55334105
88.67662225
88.80084468
88.92603888
89.05218652
89.17926316
89.30727490
89.43622786
89.56609759
89.69685354
89.82853848
89.96108518
90.09456699
90.22889833
90.36414034
90.50024411
90.63722187
90.77507362
90.91378102
91.05336852
91.19378112
91.33507381
91.47723438
91.62025061
91.76412248
91.90883167
92.05435985
92.20077423
92.34801983
92.49610885
92.64505352
92.79484773
92.94548538
93.09696034
93.24926039
93.40239776
93.55638467
93.71120279
93.86691323
94.02342432
94.18078494
94.33901956
94.49805482
94.65796407
94.81870453
94.98028841
95.14270350
95.30601092
95.47015565
95.63515603
95.80102429
95.96772376
96.13527887
96.30370187
96.47301107
96.64316371
96.81421478
96.98611539
97.15888998
97.33252635
97.50707337
97.68248216
97.85880771
98.03598892
98.21406857
98.39304665
98.57289871
98.75369811
98.93536539
99.11796165
99.30144413
99.48586172
99.67120830
99.85742276
100.04460899
100.23273644
100.42174399
100.61174777
100.80269276
100.99458508
101.18741251
101.38119338
101.57597659
101.77168879
101.96840332
102.16608352
102.36475995
102.56441426
102.76511370
102.96672990
103.16942178
103.37310378
103.57781255
103.78354811
103.99024934
104.19802624
104.40684215
104.61669706
104.82760321
105.03959726
105.25263031
105.46677571
105.68199679
105.89830577
106.11571488
106.33421189
106.55382124
106.77453072
106.99638922
107.21936007
107.44347994
107.66877327
107.89515451
108.12274588
108.35147405
108.58141235
108.81251190
109.04483381
109.27830474
109.51305914
109.74901146
109.98616170
110.22457096
110.46423926
110.70516659
110.94734073
111.19078612
111.43552721
111.68156401
111.92890874
112.17756139
112.42755863
112.67890048
112.93150135
113.18553239
113.44092025
113.69767715
113.95579088
114.21534698
114.47632103
114.73865190
115.00248627
115.26772636
115.53440883
115.80257036
116.07216205
116.34330614
116.61592929
116.89009261
117.16575944
117.44295422
117.72171361
118.00204986
118.28396295
118.56747733
118.85260523
119.13932220
119.42770157
119.71771892
120.00938645
120.30275306
120.59774541
120.89452241
121.19292514
121.49308808
121.79506011
122.09873123
122.40421143
122.71147629
123.02057468
123.33148217
123.64421098
123.95879778
124.27529145
124.59367979
124.91396279
125.23615267
125.56031055
125.88642421
126.21453032
126.54462887
126.87674433
127.21090112
127.54708703
127.88531429
128.22566845
128.56813730
128.91268416
129.25945572
129.60831751
129.95935511
130.31270297
130.66815329
131.02592609
131.38597249
131.74830470
132.11288606
132.47986324
132.84917513
133.22083396
133.59493751
133.97142466
134.35038098
134.73180647
135.11576224
135.50210162
135.89110575
136.28264016
136.67668041
137.07340986
137.47273071
137.87467964
138.27941555
138.68675509
139.09684494
139.50974622
139.92545893
140.34392196
140.76526975
141.18949010
141.61650965
142.04651176
142.47939864
142.91536587
143.35429121
143.79627246
144.24128516
144.68936599
145.14062495
145.59501316
146.05257951
146.51338512
146.97735664
147.44468965
147.91520080
148.38917123
148.86652760
149.34722101
149.83132482
150.31896124
150.81008140
151.30473417
151.80300514
152.30483317
152.81023050
153.31938048
153.83218531
154.34873058
154.86913850
155.39331129
155.92133452
156.45319596
156.98898118
157.52875130
158.07254298
158.62038068
159.17228884
159.72824302
160.28837766
160.85276613
161.42135952
161.99419450
162.57129551
163.15277258
163.73872350
164.32905046
164.92386349
165.52323592
166.12715553
166.73570790
167.34888079
167.96674754
168.58936928
169.21683156
169.84899994
170.48610665
171.12811503
171.77504953
172.42706905
173.08413691
173.74622868
174.41353993
175.08602177
175.76382088
176.44687614
177.13528534
177.82907293
178.52833669
179.23308886
179.94339054
180.65925397
181.38089916
182.10811832
182.84118036
183.58003639
184.32467419
185.07527711
185.83180849
186.59443944
187.36310885
188.13798786
188.91896645
189.70622797
190.49983355
191.29969762
192.10611354
192.91895907
193.73830757
194.56433016
195.39690460
196.23628759
197.08244246
197.93539366
198.79523898
199.66208842
200.53597866
201.41687302
202.30493043
203.20018753
204.10274214
205.01261868
205.92996385
206.85477764
207.78699894
208.72694557
209.67451972
210.62984364
211.59301512
212.56408305
213.54292519
214.52985937
215.52486112
216.52800380
217.53940964
218.55905419
219.58701080
220.62345059
221.66842245
222.72195085
223.78413356
224.85501948
225.93458416
227.02326765
228.12075214
229.22728211
230.34290643
231.46769847
232.60180489
233.74520126
234.89800980
236.06032832
237.23215680
238.41364193
239.60483260
240.80594885
242.01684399
243.23764024
244.46850875
245.70959620
246.96090259
248.22245236
249.49444109
250.77689323
252.06985767
253.37343221
254.68778796
256.01294939
257.34901428
258.69610487
260.05412336
261.42338756
262.80399528
264.19582427
265.59909456
267.01387949
268.44030130
269.87853111
271.32852003
272.79026806
274.26411747
275.74994601
277.24799816
278.75837171
280.28111556
281.81622969
283.36390969
284.92427780
286.49738291
288.08332281
289.68226863
291.29422037
292.91934916
294.55763055
296.20930902
297.87445790
299.55319944
301.24563142
302.95163160
304.67154225
306.40543671
308.15341277
309.91554377
311.69192749
313.48275952
315.28796651
317.10781739
318.94240994
320.79176861
322.65606453
324.53527325
326.42978593
328.33952922
330.26460093
332.20512327
334.16126738
336.13313106
338.12076319
340.12428601
342.14389510
344.17966381
346.23159212
348.29997341
350.38485657
352.48626606
354.60449522
356.73947074
358.89153485
361.06054089
363.24678222
365.45038107
367.67136189
369.91004250
372.16630066
374.44052752
376.73257641
379.04256955
381.37087366
383.71741539
386.08246366
388.46599404
390.86817764
393.28921004
395.72914015
398.18811463
400.66620684
403.16378349
405.68062454
408.21717004
410.77344446
413.34949667
415.94564449
418.56174124
421.19817808
423.85490611
426.53197423
429.22987137
431.94845086
434.68790827
437.44843919
440.23014139
443.03316157
445.85759751
448.70374259
451.57149900
454.46106233
457.37262815
460.30639205
463.26240292
466.24085633
469.24180118
472.26553084
475.31199642
478.38154016
481.47416208
484.58986217
487.72942275
490.89235486
494.07885410
497.28940940
500.52387407
503.78229702
507.06531387
510.37268015
513.70459143
517.06124330
520.44292912
523.84959999
527.28140261
530.73863033
534.22142984
537.72965446
541.26369534
544.82365027
548.40976372
552.02237796
555.66129740
559.32686431
563.01898090
566.73818501
570.48428105
574.25761130
578.05856690
581.88665891
585.74252296
589.62630574
593.53800723
597.47811640
601.44638875
605.44301989
609.46840094
613.52262972
617.60570621
621.71797268
625.85952692
630.03056450
634.23103653
638.46157864
642.72223972
647.01267751
651.33342985
655.68479011
660.06656270
664.47928548
668.92305622
673.39787493
677.90413275
682.44187860
687.01116135
691.61217660
696.24551106
700.91077359
705.60845314
710.33884306
715.10160109
719.89731397
724.72617729
729.58838660
734.48384413
739.41250099
744.37533505
749.37195517
754.40294808
759.46787372
764.56731884
769.70162569
774.87079427
780.07477568
785.31400999
790.58879055
795.89892179
801.24499043
806.62684981
812.04474438
817.49906531
822.98976369
828.51718180
834.08146631
839.68271501
845.32102570
850.99708289
856.71049543
862.46175226
868.25075559
874.07809217
879.94356640
885.84805839
891.79088362
897.77282439
903.79368514
909.85405259
915.95373116
922.09311202
928.27248853
934.49176289
940.75113069
947.05137424
953.39200459
959.77380406
966.19628370
972.66022582
979.16523926
985.71191076
992.30082706
998.93140141
1005.60451392
1012.32006680
1019.07796226
1025.87878704
1032.72303008
1039.60981127
1046.54059745
1053.51489969
1060.53291354
1067.59473681
1074.70105402
1081.85186516
1089.04717024
1096.28706705
1103.57263125
1110.90308055
1118.27929504
1125.70068799
1133.16823728
1140.68184514
1148.24151155
1155.84821440
1163.50136697
1171.20116483
1178.94809693
1186.74265221
1194.58453730
1202.47365441
1210.41147038
1218.39710511
1226.43134091
1234.51398220
1242.64532235
1250.82594808
1259.05585941
1267.33515412
1275.66422336
1284.04316492
1292.47227218
1300.95134955
1309.48088598
1318.06078367
1326.69260725
1335.37488990
1344.10870727
1352.89386380
1361.73163075
1370.62063906
1379.56216000
1388.55619356
1397.60293532
1406.70258086
1415.85522797
1425.06068107
1434.32021141
1443.63352563
1453.00072152
1462.42219023
1471.89822514
1481.42911959
1491.01467803
1500.65509602
1510.35154704
1520.10344435
1529.91069015
1539.77445792
1549.69474766
1559.66999475
1569.70293727
1579.79259733
1589.93926831
1600.14383029
1610.40540319
1620.72516046
1631.10271096
1641.53913036
1652.03324519
1662.58622892
1673.19808155
1683.86938982
1694.60015371
1705.38998209
1716.24043956
