12.11055517
12.11217523
12.16626644
12.23767996
12.31814623
12.40399122
12.49329567
12.58496165
12.67831087
12.77291059
12.86846280
12.96475530
13.06163192
13.15897822
13.25669765
13.35471511
13.45297575
13.55142117
13.65001082
13.74870658
13.84747505
13.94627690
14.04510498
14.14392948
14.24272656
14.34147239
14.44016933
14.53878045
14.63730097
14.73572135
14.83402491
14.93220448
15.03025293
15.12816548
15.22593260
15.32354236
15.42099953
15.51828980
15.61541080
15.71236491
15.80914617
15.90575099
16.00217581
16.09841228
16.19447708
16.29034758
16.38603926
16.48154736
16.57686353
16.67199850
16.76694632
16.86170578
16.95628405
17.05068469
17.14489460
17.23892450
17.33277678
17.42643833
17.51993656
17.61324763
17.70638585
17.79935122
17.89213777
17.98475981
18.07720065
18.16948295
18.26159716
18.35353851
18.44532013
18.53692889
18.62838268
18.71968508
18.81081820
18.90180588
18.99262547
19.08330083
19.17380452
19.26417708
19.35439706
19.44446802
19.53438997
19.62417126
19.71380711
19.80331063
19.89266515
19.98189092
20.07097244
20.15992641
20.24873972
20.33741713
20.42597055
20.51440001
20.60267925
20.69084883
20.77888489
20.86679459
20.95458508
21.04224443
21.12978458
21.21720314
21.30450010
21.39167786
21.47874117
21.56567812
21.65250063
21.73920631
21.82580948
21.91228151
21.99865341
22.08490610
22.17106104
22.25710154
22.34302282
22.42884636
22.51455069
22.60015011
22.68563986
22.77103186
22.85631418
22.94149637
23.02655697
23.11153650
23.19640398
23.28117609
23.36583376
23.45039606
23.53484392
23.61920118
23.70346785
23.78762484
23.87168407
23.95565271
24.03950453
24.12326574
24.20693874
24.29050684
24.37397718
24.45734501
24.54063654
24.62381840
24.70689535
24.78988647
24.87277985
24.95558023
25.03828287
25.12090683
25.20342588
25.28585672
25.36818266
25.45042038
25.53256273
25.61462641
25.69658756
25.77846050
25.86023331
25.94192028
26.02350235
26.10501289
26.18641376
26.26772881
26.34896040
26.43009663
26.51115179
26.59210682
26.67297363
26.75376177
26.83445454
26.91505194
26.99557066
27.07599401
27.15632915
27.23657846
27.31673241
27.39679813
27.47677326
27.55665779
27.63645649
27.71617889
27.79580593
27.87533283
27.95479298
28.03415775
28.11343670
28.19260836
28.27170849
28.35072041
28.42965603
28.50848913
28.58725071
28.66591454
28.74448538
28.82297516
28.90137672
28.97968769
29.05790567
29.13605213
29.21410322
29.29207325
29.36995745
29.44775820
29.52548027
29.60311651
29.68064070
29.75809813
29.83546734
29.91275787
29.98994827
30.06705046
30.14408588
30.22102356
30.29787540
30.37463665
30.45131922
30.52793026
30.60442924
30.68084002
30.75718880
30.83342314
30.90958118
30.98566294
31.06166124
31.13756657
31.21336937
31.28910542
31.36475801
31.44032001
31.51581764
31.59120798
31.66653633
31.74175501
31.81690454
31.89196110
31.96695805
32.04186678
32.11666822
32.19139338
32.26603746
32.34059811
32.41507053
32.48945236
32.56375790
32.63798714
32.71211863
32.78618097
32.86014795
32.93403387
33.00784588
33.08155298
33.15520763
33.22874784
33.30220461
33.37556601
33.44887495
33.52209330
33.59523296
33.66827250
33.74123335
33.81410360
33.88690233
33.95960331
34.03224707
34.10478830
34.17723656
34.24961090
34.32191372
34.39410686
34.46623802
34.53827143
34.61024761
34.68210697
34.75390673
34.82562304
34.89726782
34.96882677
35.04029751
35.11169195
35.18300295
35.25423050
35.32539368
35.39647341
35.46746969
35.53838253
35.60920238
35.67996025
35.75063229
35.82119703
35.89170694
35.96213341
36.03247404
36.10272408
36.17288351
36.24297857
36.31297827
36.38292551
36.45277262
36.52255535
36.59223557
36.66183949
36.73137903
36.80081367
36.87016964
36.93946362
37.00866699
37.07778692
37.14684725
37.21579552
37.28469372
37.35350370
37.42224455
37.49088764
37.55944490
37.62793779
37.69634485
37.76466370
37.83290863
37.90105820
37.96914339
38.03715706
38.10507298
38.17293167
38.24071884
38.30841064
38.37604761
38.44358921
38.51104975
38.57844591
38.64575863
38.71296167
38.78012657
38.84719372
38.91418695
38.98110151
39.04794216
39.11470652
39.18141127
39.24800634
39.31455612
39.38101053
39.44738626
39.51369286
39.57991600
39.64606285
39.71213579
39.77811098
39.84403849
39.90988016
39.97565508
40.04133701
40.10694981
40.17249107
40.23794651
40.30332565
40.36864758
40.43387413
40.49901962
40.56409359
40.62910557
40.69402695
40.75888157
40.82363605
40.88834286
40.95296860
41.01751804
41.08201027
41.14641190
41.21074677
41.27500057
41.33919239
41.40328884
41.46731377
41.53128624
41.59515858
41.65896416
41.72270298
41.78637028
41.84997559
41.91349506
41.97694778
42.04031944
42.10363388
42.16685295
42.23002911
42.29309559
42.35610008
42.41903782
42.48189449
42.54468441
42.60739803
42.67003536
42.73259640
42.79507637
42.85752296
42.91986465
42.98215389
43.04434299
43.10648918
43.16855431
43.23054790
43.29245567
43.35433960
43.41610432
43.47780704
43.53942871
43.60099316
43.66248131
43.72392178
43.78526211
43.84655952
43.90777588
43.96890163
44.02998924
44.09100056
44.15192127
44.21279907
44.27360058
44.33432579
44.39497471
44.45556164
44.51607704
44.57651138
44.63689327
44.69718933
44.75744724
44.81762409
44.87771511
44.93776798
44.99773979
45.05763531
45.11746883
45.17722130
45.23692131
45.29653549
45.35609722
45.41557789
45.47500134
45.53432465
45.59360027
45.65282345
45.71197033
45.77105045
45.83006382
45.88900566
45.94788551
46.00669384
46.06544971
46.12412453
46.18275166
46.24129772
46.29978180
46.35820389
46.41656399
46.47485733
46.53307438
46.59122467
46.64931297
46.70732975
46.76527500
46.82316780
46.88097954
46.93876266
46.99644089
47.05409527
47.11165428
47.16914177
47.22657204
47.28393078
47.34121799
47.39845753
47.45562553
47.51274109
47.56978512
47.62675762
47.68366337
47.74050236
47.79729843
47.85400867
47.91066647
47.96729088
48.02382469
48.08031559
48.13672543
48.19306850
48.24934959
48.30557346
48.36171627
48.41780663
48.47386360
48.52982521
48.58572006
48.64156723
48.69734764
48.75305176
48.80868912
48.86430264
48.91983509
48.97530079
49.03070450
49.08604622
49.14133072
49.19655800
49.25173759
49.30684090
49.36189651
49.41689968
49.47180748
49.52666283
49.58148956
49.63621616
49.69090462
49.74552631
49.80010033
49.85459328
49.90902901
49.96340275
50.01770973
50.07192612
50.12611866
50.18027306
50.23432732
50.28835773
50.34230232
50.39620399
50.45005322
50.50383091
50.55753708
50.61119080
50.66480637
50.71834087
50.77181339
50.82523823
50.87857723
50.93186855
50.98508835
51.03827953
51.09138012
51.14445210
51.19745731
51.25043869
51.30334854
51.35619164
51.40894413
51.46167755
51.51435852
51.56695366
51.61950111
51.67199135
51.72441483
51.77682400
51.82916641
51.88142300
51.93364143
51.98578358
52.03789234
52.08992004
52.14189053
52.19382286
52.24570751
52.29753017
52.34931469
52.40100384
52.45265961
52.50424862
52.55580425
52.60726452
52.65869141
52.71006584
52.76140213
52.81267166
52.86388397
52.91503429
52.96614170
53.01717281
53.06817055
53.11910629
53.17000389
53.22085381
53.27166557
53.32237244
53.37305069
53.42364311
53.47418785
53.52470875
53.57515335
53.62555504
53.67589951
53.72617245
53.77638340
53.82658005
53.87671471
53.92679214
53.97680283
54.02677059
54.07666683
54.12653446
54.17633533
54.22609329
54.27578926
54.32544708
54.37505245
54.42457676
54.47409153
54.52351570
54.57288742
54.62224007
54.67150211
54.72074986
54.76991653
54.81904507
54.86813545
54.91714954
54.96613979
55.01506805
55.06392479
55.11274815
55.16151905
55.21026611
55.25892258
55.30753136
55.35609722
55.40460110
55.45307159
55.50148010
55.54984093
55.59816837
55.64643860
55.69466114
55.74284077
55.79093933
55.83898544
55.88699341
55.93493938
55.98283768
56.03070259
56.07849598
56.12625599
56.17397308
56.22161865
56.26924038
56.31681442
56.36432171
56.41179562
56.45921230
56.50659561
56.55391693
56.60120487
56.64843559
56.69562340
56.74276829
56.78985119
56.83689594
56.88386917
56.93080425
56.97771549
57.02456474
57.07138062
57.11813927
57.16483116
57.21150875
57.25811005
57.30466843
57.35117435
57.39762783
57.44401932
57.49041080
57.53673077
57.58300304
57.62924671
57.67541885
57.72154331
57.76762962
57.81367302
57.85968781
57.90563107
57.95154572
57.99741745
58.04323673
58.08898926
58.13471794
58.18038464
58.22602749
58.27159882
58.31712723
58.36261749
58.40804577
58.45343113
58.49877357
58.54407310
58.58932972
58.63455772
58.67971897
58.72483253
58.76989841
58.81494045
58.85993481
58.90487194
58.94975662
58.99458408
59.03939724
59.08416271
59.12886143
59.17353153
59.21813965
59.26271439
59.30726051
59.35175896
59.39621449
59.44057941
59.48493004
59.52924252
59.57353115
59.61775780
59.66196060
59.70612049
59.75023270
59.79430199
59.83834743
59.88231659
59.92624760
59.97014999
60.01398087
60.05776882
6.38268471
6.42978191
6.47467899
6.52540827
6.57961702
6.63604259
6.69399929
6.75308275
6.81305218
6.87375164
6.93508530
6.99699068
7.05941582
7.12233591
7.18572760
7.24956942
7.31385612
7.37857389
7.44371653
7.50927544
7.57524729
7.64162254
7.70840120
7.77557945
7.84315300
7.91111326
7.97946072
8.04818439
8.11728668
8.18675995
8.25660419
8.32681561
8.39737988
8.46829987
8.53957272
8.61118984
8.68314552
8.75543690
8.82806301
8.90101147
8.97428131
9.04786968
9.12176228
9.19596672
9.27047443
9.34528446
9.42037392
9.49575424
9.57141590
9.64735603
9.72356510
9.80004597
9.87678814
9.95378971
10.03104305
10.10855007
10.18630028
10.26429176
10.34252357
10.42098427
10.49967194
10.57858181
10.65771866
10.73707104
10.81664181
10.89641571
10.97639561
11.05657387
11.13695145
11.21751881
11.29828262
11.37922859
11.46036530
11.54167843
11.62317085
11.70484066
11.78667927
11.86868668
11.95086098
12.03320408
12.11569786
12.19835186
12.28116226
12.36412334
12.44723129
12.53048420
12.61388779
12.69742870
12.78110695
12.86492634
12.94888020
13.03295898
13.11717892
13.20153332
13.28600883
13.37060452
13.45532703
13.54016876
13.62512207
13.71019936
13.79539108
13.88069057
13.96610546
14.05162334
14.13725948
14.22299290
14.30883408
14.39476871
14.48081112
14.56694508
14.65318584
14.73951721
14.82595444
14.91247845
14.99909592
15.08579731
15.17259407
15.25947475
15.34644127
15.43348980
15.52062225
15.60783672
15.69513798
15.78251743
15.86997795
15.95751286
16.04513168
16.13282204
16.22059631
16.30844498
16.39635849
16.48434639
16.57239723
16.66052055
16.74870872
16.83696556
16.92528534
17.01366806
17.10210991
17.19062614
17.27919769
17.36783600
17.45652962
17.54528046
17.63409042
17.72296715
17.81189346
17.90088081
17.98992348
18.07901764
18.16816330
18.25736809
18.34661674
18.43591690
18.52526665
18.61466789
18.70411873
18.79361343
18.88315201
18.97273827
19.06237030
19.15204430
19.24175644
19.33151436
19.42131233
19.51115417
19.60102272
19.69094276
19.78090096
19.87089920
19.96092987
20.05099106
20.14109230
20.23122787
20.32141495
20.41162682
20.50187111
20.59214973
20.68245697
20.77280807
20.86319160
20.95360947
21.04406166
21.13453484
21.22502708
21.31555557
21.40611649
21.49670410
21.58731651
21.67795563
21.76860619
21.85930061
21.95000839
22.04075241
22.13150597
22.22228622
22.31308746
22.40390778
22.49474907
22.58559990
22.67646980
22.76736641
22.85828209
22.94921875
23.04017067
23.13113785
23.22211838
23.31311417
23.40413094
23.49515915
23.58620071
23.67726135
23.76834106
23.85943222
23.95054245
24.04165840
24.13278961
24.22392273
24.31507492
24.40622330
24.49738121
24.58855629
24.67974281
24.77093124
24.86212540
24.95332336
25.04453087
25.13574409
25.22697830
25.31821060
25.40943527
25.50066376
25.59192085
25.68316841
25.77441788
25.86568260
25.95693779
26.04819489
26.13944817
26.23071289
26.32196999
26.41323662
26.50450325
26.59577560
26.68703079
26.77831650
26.86957932
26.96084213
27.05209351
27.14336014
27.23460007
27.32585907
27.41709328
27.50834274
27.59958267
27.69081879
27.78204536
27.87326622
27.96448326
28.05569267
28.14687729
28.23806763
28.32925797
28.42043495
28.51159859
28.60276413
28.69391251
28.78504753
28.87616920
28.96728706
29.05840111
29.14950752
29.24060249
29.33169746
29.42276001
29.51382256
29.60487366
29.69591331
29.78692627
29.87792969
29.96893883
30.05992317
30.15088654
30.24184036
30.33278275
30.42371941
30.51462936
30.60551643
30.69639397
30.78726006
30.87811279
30.96894646
31.05975151
31.15054131
31.24132347
31.33207893
31.42283630
31.51356888
31.60429955
31.69498825
31.78565598
31.87631035
31.96693993
32.05755615
32.14814377
32.23872375
32.32928467
32.41980743
32.51033783
32.60081863
32.69128418
32.78173447
32.87215042
32.96253967
33.05290604
33.14325333
33.23357773
33.32386398
33.41415024
33.50439072
33.59460449
33.68479538
33.77498627
33.86513138
33.95525742
34.04535675
34.13544083
34.22549820
34.31554413
34.40556335
34.49554062
34.58551025
34.67545700
34.76536942
34.85525513
34.94511795
35.03495789
35.12475967
35.21453476
35.30428314
35.39400482
35.48368454
35.57334518
35.66296005
35.75255585
35.84211731
35.93165207
36.02116394
36.11063385
36.20006943
36.28946304
36.37886047
36.46819687
36.55750275
36.64678574
36.73603058
36.82524872
36.91444397
37.00359726
37.09271240
37.18180084
37.27087402
37.35989761
37.44890594
37.53786087
37.62680054
37.71569443
37.80457306
37.89340591
37.98221588
38.07096863
38.15968704
38.24837494
38.33703613
38.42567825
38.51428223
38.60285950
38.69137573
38.77987289
38.86832047
38.95674133
39.04513168
39.13350677
39.22180557
39.31008911
39.39833450
39.48653030
39.57468414
39.66282272
39.75093079
39.83899689
39.92702866
40.01502609
40.10297775
40.19087601
40.27877426
40.36659241
40.45439911
40.54216766
40.62990952
40.71759796
40.80525970
40.89286423
40.98042297
41.06796646
41.15544891
41.24291229
41.33031464
41.41769028
41.50502777
41.59230042
41.67955780
41.76677704
41.85396194
41.94111633
42.02823639
42.11531830
42.20235443
42.28935623
42.37631226
42.46322250
42.55009460
42.63692856
42.72372437
42.81047058
42.89717865
42.98385620
43.07049561
43.15708923
43.24364853
43.33015060
43.41659546
43.50300598
43.58937073
43.67570877
43.76199722
43.84825516
43.93445587
44.02061081
44.10674286
44.19281769
44.27885437
44.36483765
44.45079041
44.53670883
44.62258148
44.70842743
44.79423523
44.87998581
44.96569061
45.05134964
45.13695526
45.22253036
45.30806351
45.39354706
45.47900391
45.56441879
45.64977646
45.73508453
45.82037735
45.90560913
45.99080276
46.07595444
46.16106033
46.24611664
46.33113098
46.41610336
46.50101852
46.58588791
46.67071915
46.75553131
46.84028244
46.92499924
47.00965500
47.09427643
47.17883301
47.26337814
47.34786987
47.43230820
47.51669312
47.60104370
47.68537521
47.76963806
47.85383224
47.93801498
48.02212906
48.10623550
48.19024277
48.27425766
48.35820007
48.44210815
48.52595520
48.60977936
48.69353104
48.77724838
48.86094666
48.94459152
49.02818298
49.11173248
49.19524002
49.27868271
49.36208725
49.44544601
49.52873993
49.61203003
49.69526291
49.77844620
49.86159134
49.94470596
50.02777100
50.11077881
50.19375992
50.27668762
50.35958099
50.44239807
50.52518845
50.60792542
50.69062805
50.77330017
50.85590744
50.93849564
51.02102280
51.10350037
51.18593597
51.26829529
51.35060501
51.43289566
51.51511383
51.59727478
51.67940903
51.76150894
51.84354401
51.92556000
52.00750732
52.08942032
52.17126465
52.25308228
52.33485031
52.41654587
52.49819565
52.57981491
52.66138840
52.74291611
52.82440186
52.90584564
52.98723984
53.06858444
53.14986801
53.23110199
53.31229019
53.39342117
53.47452927
53.55556870
53.63658905
53.71755981
53.79847717
53.87936401
53.96019363
54.04098129
54.12170792
54.20239258
54.28302765
54.36361313
54.44418716
54.52469635
54.60512543
54.68552399
54.76588440
54.84619522
54.92642593
55.00666428
55.08680725
55.16693878
55.24700928
55.32703018
55.40700150
55.48693085
55.56681824
55.64668274
55.72647858
55.80619431
55.88587189
55.96551514
56.04513168
56.12466049
56.20418167
56.28365326
56.36308670
56.44246674
56.52175522
56.60103989
56.68025970
56.75942612
56.83858109
56.91765213
56.99666977
57.07567596
57.15459824
57.23348618
57.31234360
57.39110947
57.46984863
57.54855347
57.62722778
57.70585632
57.78444290
57.86294174
57.94142914
58.01986313
58.09822845
58.17657471
58.25483322
58.33307648
58.41127396
58.48942184
58.56749344
58.64555359
58.72354507
58.80151749
58.87940598
58.95723724
59.03503799
59.11279297
59.19050598
59.26816940
59.34578705
59.42338943
59.50091553
59.57838440
59.65580368
59.73317337
59.81052017
59.88781738
59.96508789
60.04225159
60.11943817
60.19654846
60.27363205
60.35068512
60.42763519
60.50458908
60.58147049
60.65833282
60.73514175
60.81187439
60.88861847
60.96526337
61.04188919
61.11846161
61.19497299
61.27144241
61.34783554
61.42421722
61.50058746
61.57691193
61.65317917
61.72940445
61.80556870
61.88170624
61.95776367
62.03378677
62.10975647
62.18570709
62.26157761
62.33740616
62.41319656
62.48891449
62.56460953
62.64025497
62.71587372
62.79141998
62.86693192
62.94240952
63.01781082
63.09319687
63.16852570
63.24382401
63.31908798
63.39429474
63.46944046
63.54455566
63.61959457
63.69460297
63.76955414
63.84447098
63.91932297
63.99417877
64.06894684
64.14367676
64.21836090
64.29303741
64.36763763
64.44220734
64.51670074
64.59118652
64.66560364
64.73996735
64.81429291
64.88855743
64.96279144
65.03699493
65.11117554
65.18528748
65.25935364
65.33335114
65.40732574
65.48124695
65.55511475
65.62895966
65.70272064
65.77647400
65.85018158
65.92382813
65.99744415
66.07101440
66.14451599
66.21796417
66.29141998
66.36482239
66.43816376
66.51146698
2.78355622
2.79493570
2.80628076
2.81968424
2.83479798
2.85122925
2.86869022
2.88698125
2.90596235
2.92553616
2.94563121
2.96619931
2.98719949
3.00860551
3.03039247
3.05254790
3.07505772
3.09791011
3.12110114
3.14462295
3.16847062
3.19264087
3.21713009
3.24193501
3.26705924
3.29249457
3.31824723
3.34430903
3.37068555
3.39737514
3.42437518
3.45168993
3.47932005
3.50726259
3.53551984
3.56409410
3.59298274
3.62218970
3.65171432
3.68155661
3.71171853
3.74220237
3.77300650
3.80413321
3.83558676
3.86736223
3.89946422
3.93189272
3.96464840
3.99773321
4.03115010
4.06489319
4.09897065
4.13338053
4.16812414
4.20320442
4.23862040
4.27437207
4.31046140
4.34688774
4.38365567
4.42076191
4.45821139
4.49600214
4.53413612
4.57261366
4.61143607
4.65060335
4.69011387
4.72997320
4.77017871
4.81073400
4.85163385
4.89288446
4.93448389
4.97643408
5.01873603
5.06138614
5.10438734
5.14774129
5.19144896
5.23550740
5.27991956
5.32468349
5.36980441
5.41527611
5.46110350
5.50728297
5.55381846
5.60070801
5.64795291
5.69555187
5.74350750
5.79181916
5.84048355
5.88950133
5.93887776
5.98861021
6.03869474
6.08913529
6.13993186
6.19108117
6.24258715
6.29444653
6.34666258
6.39923137
6.45215619
6.50543374
6.55906469
6.61305165
6.66739136
6.72208446
6.77712965
6.83252627
6.88827562
6.94437772
7.00083387
7.05763555
7.11479127
7.17229974
7.23015702
7.28836375
7.34691930
7.40582627
7.46507812
7.52467877
7.58463019
7.64492452
7.70556766
7.76655698
7.82788855
7.88956630
7.95158696
8.01395118
8.07666290
8.13971686
8.20311767
8.26685679
8.33093292
8.39534670
8.46010667
8.52520889
8.59064615
8.65641844
8.72253102
8.78898323
8.85576981
8.92289013
8.99034613
9.05813783
9.12626523
9.19472307
9.26351070
9.33263141
9.40208322
9.47186744
9.54197818
9.61242002
9.68318576
9.75427932
9.82570529
9.89744925
9.96952564
10.04192787
10.11465073
10.18769550
10.26106220
10.33475214
10.40876466
10.48309714
10.55774367
10.63271803
10.70800972
10.78361613
10.85954183
10.93578357
11.01233411
11.08920002
11.16637933
11.24386942
11.32167292
11.39978719
11.47821486
11.55695593
11.63599467
11.71534419
11.79500580
11.87497556
11.95525086
12.03582382
12.11670101
12.19788897
12.27937722
12.36116445
12.44324934
12.52563584
12.60832262
12.69131100
12.77459967
12.85818207
12.94206345
13.02623856
13.11070347
13.19546604
13.28052235
13.36586320
13.45149779
13.53742611
13.62364686
13.71014953
13.79694724
13.88402557
13.97139895
14.05905688
14.14700329
14.23523295
14.32374322
14.41253281
14.50160563
14.59096432
14.68059838
14.77051437
14.86071229
14.95117903
15.04192638
15.13294387
15.22424328
15.31581807
15.40766692
15.49979639
15.59219468
15.68485653
15.77779770
15.87101161
15.96448910
16.05823934
16.15225840
16.24653709
16.34108853
16.43589830
16.53098345
16.62632692
16.72193265
16.81779671
16.91392565
17.01032603
17.10697031
17.20387948
17.30105484
17.39848197
17.49616742
17.59410727
17.69230676
17.79074752
17.88944399
17.98839355
18.08759880
18.18705714
18.28676856
18.38672125
18.48693490
18.58738065
18.68808603
18.78903794
18.89023113
18.99167216
19.09335446
19.19527543
19.29743636
19.39984512
19.50249910
19.60539567
19.70854139
19.81192052
19.91554356
20.01939476
20.12347937
20.22780132
20.33235538
20.43715858
20.54218209
20.64744687
20.75293458
20.85865307
20.96461546
21.07079291
21.17721164
21.28385198
21.39072442
21.49781847
21.60513937
21.71267140
21.82044339
21.92844880
22.03667188
22.14512444
22.25379729
22.36269307
22.47180653
22.58113766
22.69068122
22.80045033
22.91043711
23.02063894
23.13106108
23.24169040
23.35252953
23.46359944
23.57488179
23.68636870
23.79806805
23.90996671
24.02209878
24.13443542
24.24696088
24.35971451
24.47266746
24.58583546
24.69920015
24.81279039
24.92656684
25.04055047
25.15474129
25.26913142
25.38371301
25.49850440
25.61350822
25.72870874
25.84409022
25.95968938
26.07548523
26.19148302
26.30766439
26.42404246
26.54062772
26.65740705
26.77437782
26.89154267
27.00890160
27.12644410
27.24417806
27.36209559
27.48021245
27.59851813
27.71700215
27.83567500
27.95454454
28.07359505
28.19283700
28.31225729
28.43186378
28.55165911
28.67163277
28.79180050
28.91214919
29.03267097
29.15338945
29.27428102
29.39533520
29.51658869
29.63800478
29.75960445
29.88137984
30.00333095
30.12546825
30.24777603
30.37025690
30.49291611
30.61573529
30.73873281
30.86190081
30.98524714
31.10875869
31.23243022
31.35629320
31.48030305
31.60449123
31.72884464
31.85335803
31.97803926
32.10289621
32.22791576
32.35310316
32.47845054
32.60396576
32.72964621
32.85547090
32.98148179
33.10762644
33.23392844
33.36039042
33.48701763
33.61380744
33.74074674
33.86784863
33.99511051
34.12252188
34.25008011
34.37781405
34.50569487
34.63373041
34.76193118
34.89027095
35.01877332
35.14742780
35.27622914
35.40518522
35.53427768
35.66353273
35.79293466
35.92246509
36.05216861
36.18200588
36.31198478
36.44212365
36.57238841
36.70280790
36.83337164
36.96408224
37.09492135
37.22591782
37.35705853
37.48833036
37.61974382
37.75129366
37.88298774
38.01480770
38.14677715
38.27886987
38.41111994
38.54350114
38.67601085
38.80865431
38.94143939
39.07433987
39.20740819
39.34059453
39.47389627
39.60735011
39.74091935
39.87462234
40.00844860
40.14241648
40.27651286
40.41074300
40.54510689
40.67961502
40.81423068
40.94897485
41.08381343
41.21879625
41.35389185
41.48911595
41.62444496
41.75992608
41.89552784
42.03126073
42.16712475
42.30310416
42.43919897
42.57540917
42.71174788
42.84820461
42.98478985
43.12149048
43.25829864
43.39524317
43.53229523
43.66948366
43.80677438
43.94419622
44.08171511
44.21935987
44.35712004
44.49498510
44.63298130
44.77107716
44.90927792
45.04759932
45.18602037
45.32454634
45.46321392
45.60199165
45.74085855
45.87986708
46.01897001
46.15817785
46.29750633
46.43691874
46.57644653
46.71607399
46.85580635
46.99563313
47.13558054
47.27565384
47.41580582
47.55606270
47.69643497
47.83692789
47.97750473
48.11816549
48.25894165
48.39979649
48.54076147
48.68184710
48.82301664
48.96427011
49.10563898
49.24710751
49.38869667
49.53035927
49.67213726
49.81399918
49.95593977
50.09800100
50.24011993
50.38239622
50.52473545
50.66716909
50.80970240
50.95229340
51.09501553
51.23780060
51.38068533
51.52364874
51.66672754
51.80988503
51.95314217
52.09650421
52.23991871
52.38343287
52.52703094
52.67072344
52.81449461
52.95838642
53.10235691
53.24641132
53.39056015
53.53478241
53.67908859
53.82347870
53.96797895
54.11254740
54.25721025
54.40194654
54.54673004
54.69164467
54.83663797
54.98171520
55.12685013
55.27206373
55.41736126
55.56273746
55.70821857
55.85374689
55.99935913
56.14501858
56.29077768
56.43661022
56.58251095
56.72851133
56.87458515
57.02073765
57.16695309
57.31326294
57.45963573
57.60605574
57.75258589
57.89919996
58.04588223
58.19261169
58.33944607
58.48633814
58.63328266
58.78031635
58.92744970
59.07464075
59.22193670
59.36923265
59.51665974
59.66414452
59.81165552
59.95925570
60.10692930
60.25465536
60.40246010
60.55035400
60.69827938
60.84630966
60.99441338
61.14260101
61.29083061
61.43911266
61.58746815
61.73589182
61.88439941
62.03295422
62.18158245
62.33026314
62.47903299
62.62783957
62.77671957
62.92567301
63.07467890
63.22372675
63.37287426
63.52207947
63.67133713
63.82065773
63.97002554
64.11944580
64.26892376
64.41846466
64.56802654
64.71766710
64.86738110
65.01713181
65.16696644
65.31684303
65.46677732
65.61676931
65.76682949
65.91693163
66.06708097
66.21727753
66.36755276
66.51787519
66.66825533
66.81870365
66.96914148
67.11970520
67.27027941
67.42093229
67.57162714
67.72235346
67.87316370
68.02399492
68.17488909
68.32584095
68.47684526
68.62790728
68.77903748
68.93019915
69.08139229
69.23267460
69.38395691
69.53531265
69.68671560
69.83816051
69.98965788
70.14123392
70.29283094
70.44446468
70.59612989
70.74783182
70.89960718
71.05141401
71.20326281
71.35517454
71.50715446
71.65916586
71.81123495
71.96339846
72.11552525
72.26771498
72.41997290
72.57228851
72.72460938
72.87695122
73.02935076
73.18180275
73.33430719
73.48684311
73.63940525
73.79199886
73.94464493
74.09730148
74.25004196
74.40276670
74.55558062
74.70840502
74.86127663
75.01417971
75.16717720
75.32012749
75.47313023
75.62615919
75.77926683
75.93239021
76.08556080
76.23872614
76.39198589
76.54525614
76.69855261
76.85191202
77.00527143
77.15871477
77.31216860
77.46565914
77.61918640
77.77276611
77.92637730
78.08001471
78.23372030
78.38744164
78.54119968
78.69494200
78.84874725
79.00256300
79.15643644
79.31033087
79.46427774
79.61825609
79.77224493
79.92626524
80.08033276
80.23442650
80.38854122
80.54268742
80.69683886
80.85105324
0.58151331
0.58447644
0.58643766
0.58854695
0.59086122
0.59336152
0.59601977
0.59881207
0.60171980
0.60472798
0.60782548
0.61100401
0.61425604
0.61757684
0.62096167
0.62440723
0.62791057
0.63146971
0.63508198
0.63874632
0.64246170
0.64622685
0.65004036
0.65390274
0.65781236
0.66176921
0.66577300
0.66982284
0.67391887
0.67806125
0.68224952
0.68648361
0.69076374
0.69508970
0.69946185
0.70387982
0.70834406
0.71285494
0.71741238
0.72201684
0.72666809
0.73136665
0.73611282
0.74090719
0.74574962
0.75064033
0.75558014
0.76056883
0.76560788
0.77069610
0.77583499
0.78102447
0.78626543
0.79155780
0.79690196
0.80229916
0.80774903
0.81325285
0.81880987
0.82442120
0.83008759
0.83580941
0.84158733
0.84742099
0.85331194
0.85926041
0.86526677
0.87133177
0.87745592
0.88364005
0.88988423
0.89618906
0.90255588
0.90898432
0.91547526
0.92202917
0.92864692
0.93532927
0.94207659
0.94888948
0.95576838
0.96271470
0.96972838
0.97681008
0.98396003
0.99118002
0.99847011
1.00583069
1.01326257
1.02076657
1.02834351
1.03599377
1.04371823
1.05151713
1.05939157
1.06734239
1.07537016
1.08347468
1.09165750
1.09991975
1.10826075
1.11668229
1.12518504
1.13376878
1.14243574
1.15118533
1.16001859
1.16893709
1.17793985
1.18702896
1.19620472
1.20546818
1.21481940
1.22425944
1.23378888
1.24340929
1.25312001
1.26292259
1.27281785
1.28280550
1.29288778
1.30306453
1.31333739
1.32370561
1.33417100
1.34473324
1.35539487
1.36615530
1.37701556
1.38797581
1.39903799
1.41020164
1.42146841
1.43283859
1.44431308
1.45589218
1.46757737
1.47936851
1.49126694
1.50327384
1.51538908
1.52761355
1.53994814
1.55239359
1.56495020
1.57761946
1.59040168
1.60329789
1.61630839
1.62943482
1.64267674
1.65603474
1.66951016
1.68310404
1.69681743
1.71064913
1.72460228
1.73867553
1.75287023
1.76718742
1.78162754
1.79619223
1.81088135
1.82569623
1.84063748
1.85570419
1.87089846
1.88622102
1.90167382
1.91725433
1.93296582
1.94880769
1.96478084
1.98088586
1.99712530
2.01349705
2.03000337
2.04664424
2.06342220
2.08033577
2.09738657
2.11457446
2.13190079
2.14936718
2.16697291
2.18471870
2.20260561
2.22063452
2.23880500
2.25711882
2.27557793
2.29418024
2.31292635
2.33181819
2.35085681
2.37004146
2.38937482
2.40885466
2.42848381
2.44826287
2.46819109
2.48827070
2.50850081
2.52888411
2.54941940
2.57010818
2.59094983
2.61194646
2.63309777
2.65440404
2.67586648
2.69748509
2.71926284
2.74119645
2.76328921
2.78554052
2.80795187
2.83052117
2.85325438
2.87614852
2.89920211
2.92241961
2.94580072
2.96934485
2.99305260
3.01692337
3.04096133
3.06516528
3.08953315
3.11407059
3.13877434
3.16364616
3.18868577
3.21389437
3.23927432
3.26482266
3.29054266
3.31643224
3.34249318
3.36872637
3.39513272
3.42171192
3.44846457
3.47539067
3.50248963
3.52976412
3.55721503
3.58484119
3.61264557
3.64062488
3.66878152
3.69711816
3.72563243
3.75432312
3.78319472
3.81224573
3.84147733
3.87088984
3.90048414
3.93025905
3.96021605
3.99035364
4.02067453
4.05117869
4.08186615
4.11273897
4.14379597
4.17503864
4.20646518
4.23807949
4.26987946
4.30186570
4.33403790
4.36639786
4.39894766
4.43168133
4.46460724
4.49772030
4.53102320
4.56451595
4.59819824
4.63207245
4.66613799
4.70039338
4.73484069
4.76948082
4.80431259
4.83933449
4.87455130
4.90996093
4.94556546
4.98136610
5.01735926
5.05354524
5.08992910
5.12650669
5.16328275
5.20025313
5.23741782
5.27478039
5.31233907
5.35009980
5.38805723
5.42621195
5.46456516
5.50311565
5.54186761
5.58081806
5.61996937
5.65931976
5.69886923
5.73861599
5.77856719
5.81871808
5.85906923
5.89962482
5.94038248
5.98134160
6.02250338
6.06386721
6.10543430
6.14720583
6.18918061
6.23135805
6.27373993
6.31632686
6.35911465
6.40211344
6.44531190
6.48871958
6.53232992
6.57614708
6.62016928
6.66439891
6.70883715
6.75348222
6.79833531
6.84339046
6.88865602
6.93413138
6.97981119
7.02569723
7.07179308
7.11809576
7.16460943
7.21132994
7.25826025
7.30540276
7.35275269
7.40031302
7.44808197
7.49606133
7.54424930
7.59264946
7.64125943
7.69007981
7.73911536
7.78835952
7.83781350
7.88748145
7.93735802
7.98744798
8.03775012
8.08826327
8.13898921
8.18992555
8.24107587
8.29244137
8.34401846
8.39580953
8.44781101
8.50002825
8.55245888
8.60509992
8.65795791
8.71102870
8.76431465
8.81781340
8.87152672
8.92545462
8.97959590
9.03395176
9.08852577
9.14331555
9.19831812
9.25353825
9.30896997
9.36461627
9.42047894
9.47655618
9.53285277
9.58936095
9.64608967
9.70303118
9.76018965
9.81756270
9.87514734
9.93295133
9.99097347
10.04921079
10.10766506
10.16633511
10.22522330
10.28432488
10.34364581
10.40318370
10.46294332
10.52291274
10.58310390
10.64351201
10.70413828
10.76497674
10.82603574
10.88730693
10.94880104
11.01051092
11.07244253
11.13458991
11.19695544
11.25953555
11.32233739
11.38535380
11.44859552
11.51204586
11.57571673
11.63960695
11.70372009
11.76804781
11.83259964
11.89736128
11.96233988
12.02753782
12.09295034
12.15858340
12.22443223
12.29050636
12.35679030
12.42329359
12.49001861
12.55695939
12.62412190
12.69150019
12.75909543
12.82690883
12.89494276
12.96319485
13.03165793
13.10034513
13.16925406
13.23838234
13.30772638
13.37729216
13.44707131
13.51706266
13.58728409
13.65772605
13.72838140
13.79925132
13.87034655
13.94165516
14.01318192
14.08492684
14.15688634
14.22906518
14.30146813
14.37407851
14.44691300
14.51996207
14.59323525
14.66672897
14.74043608
14.81436253
14.88850951
14.96287107
15.03744483
15.11224031
15.18725276
15.26247859
15.33792257
15.41358232
15.48945904
15.56555152
15.64186811
15.71840763
15.79515576
15.87212920
15.94931483
16.02671742
16.10433340
16.18217349
16.26023293
16.33849859
16.41699076
16.49569631
16.57461643
16.65374994
16.73310041
16.81266904
16.89245820
16.97246313
17.05268264
17.13311434
17.21376777
17.29463577
17.37571716
17.45701313
17.53852129
17.62024045
17.70218015
17.78434038
17.86670089
17.94929385
18.03209662
18.11511517
18.19834232
18.28179359
18.36545587
18.44934344
18.53344202
18.61775041
18.70226741
18.78700495
18.87195706
18.95712256
19.04251695
19.12811041
19.21391845
19.29993272
19.38617110
19.47261691
19.55928206
19.64615464
19.73325133
19.82056618
19.90808845
19.99581814
20.08376122
20.17190933
20.26027679
20.34885168
20.43764114
20.52664757
20.61586380
20.70528507
20.79493523
20.88479042
20.97485065
21.06513023
21.15561247
21.24630451
21.33720398
21.42833233
21.51966333
21.61120892
21.70295954
21.79491758
21.88709497
21.97947979
22.07207203
22.16487408
22.25788593
22.35111237
22.44455099
22.53819466
22.63204813
22.72611141
22.82037258
22.91486025
23.00953865
23.10443163
23.19953442
23.29483509
23.39034557
23.48606825
23.58201027
23.67815256
23.77450228
23.87105227
23.96780252
24.06477690
24.16194916
24.25934076
24.35692549
24.45472479
24.55272436
24.65093613
24.74934816
24.84797955
24.94682074
25.04586220
25.14509439
25.24452686
25.34418106
25.44403791
25.54409027
25.64435005
25.74482203
25.84550381
25.94637394
26.04746342
26.14873886
26.25022173
26.35190725
26.45378351
26.55586958
26.65816545
26.76065922
26.86336040
26.96626425
27.06936359
27.17267036
27.27618217
27.37989902
27.48381853
27.58793116
27.69226313
27.79677629
27.90149927
28.00643206
28.11156034
28.21687698
28.32239628
28.42811584
28.53403568
28.64015102
28.74646902
28.85299206
28.95971775
29.06663656
29.17376518
29.28108692
29.38862324
29.49633121
29.60425377
29.71236229
29.82066870
29.92917538
30.03786564
30.14675856
30.25585175
30.36513090
30.47463179
30.58430672
30.69417238
30.80425501
30.91451168
31.02496862
31.13563061
31.24648571
31.35755539
31.46880627
31.58024549
31.69187546
31.80372000
31.91575766
32.02796459
32.14037895
32.25299120
32.36578941
32.47878313
32.59196281
32.70534992
32.81892300
32.93270588
33.04665327
33.16080093
33.27514648
33.38968039
33.50439310
33.61931086
33.73440742
33.84970665
33.96518707
34.08085823
34.19672012
34.31278229
34.42904472
34.54548359
34.66212511
34.77894783
34.89596605
35.01316547
35.13056755
35.24813652
35.36589146
35.48384905
35.60198069
35.72030783
35.83881617
35.95753193
36.07641459
36.19549036
36.31474495
36.43420935
36.55384064
36.67367458
36.79367781
36.91385269
37.03420877
37.15476274
37.27550268
37.39642620
37.51755238
37.63884068
37.76032209
37.88197756
38.00383091
38.12587976
38.24808836
38.37048292
38.49307060
38.61584187
38.73879910
38.86193275
38.98523808
39.10871506
39.23238993
39.35625076
39.48028088
39.60448265
39.72887754
